07-30 08:02:00.029  1000  1310  1502 I netstats_mobile_sample: [0,0,0,0,0,0,0,0,0,0,0,0,-1]
07-30 08:02:43.963  1000  2741  2897 I netstats_mobile_sample: [0,0,0,0,0,0,0,0,0,0,0,0,-1]
07-30 08:02:53.244  1000  2741  2911 I netstats_mobile_sample: [0,0,0,0,0,0,0,0,0,0,0,0,-1]
07-30 08:02:53.262  1000  2741  2911 I netstats_mobile_sample: [0,0,0,0,0,0,0,0,0,0,0,0,-1]
07-30 08:03:44.568  1000  2741  2897 I netstats_mobile_sample: [0,0,0,0,0,0,0,0,0,0,0,0,1532918024562]
07-30 08:09:00.608  1000  2741  2911 I netstats_mobile_sample: [0,0,0,0,0,0,0,0,0,0,0,0,1532918341725]
07-30 08:09:00.621  1000  2741  2911 I netstats_mobile_sample: [0,0,0,0,0,0,0,0,0,0,0,0,1532918341738]
07-30 08:09:01.443  1000  2741  2911 I netstats_mobile_sample: [200,2,747,9,200,2,675,9,200,2,675,9,1532918342559]
07-30 08:09:11.919  1000  2741  2911 I netstats_mobile_sample: [416,5,1270,16,416,5,1277,18,416,5,1277,18,1532918353036]
07-30 08:09:11.943  1000  2741  2911 I netstats_mobile_sample: [416,5,1270,16,416,5,1277,18,416,5,1277,18,1532918353060]
07-30 08:09:25.230  1000  2741  2911 I netstats_mobile_sample: [416,5,1270,16,416,5,1727,24,416,5,1727,24,1532918366346]
07-30 08:09:25.264  1000  2741  2911 I netstats_mobile_sample: [416,5,1270,16,416,5,1727,24,416,5,1727,24,1532918366381]
07-30 08:09:31.084  1000  2741  2911 I netstats_mobile_sample: [416,5,1270,16,416,5,1727,24,416,5,1727,24,1532918372201]
07-30 08:09:31.546  1000  2741  2911 I netstats_mobile_sample: [416,5,1270,16,416,5,1727,24,416,5,1727,24,1532918372662]
07-30 08:17:34.417  1000  2741  2911 I netstats_mobile_sample: [416,5,1270,16,416,5,1727,24,416,5,1727,24,1532918855534]
07-30 08:17:35.202  1000  2741  2911 I netstats_mobile_sample: [416,5,1270,16,416,5,1727,24,416,5,1727,24,1532918856319]
07-30 08:17:35.218  1000  2741  2911 I netstats_mobile_sample: [416,5,1270,16,416,5,1803,25,416,5,1803,25,1532918856335]
07-30 08:17:36.344  1000  2741  2911 I netstats_mobile_sample: [616,7,1933,24,616,7,2402,33,616,7,2402,33,1532918857460]
07-30 08:19:19.558  1000  2741  2911 I netstats_mobile_sample: [3102,32,6137,58,3102,32,6334,67,3102,32,6334,67,1532918960675]
07-30 08:19:19.589  1000  2741  2911 I netstats_mobile_sample: [3102,32,6137,58,3102,32,6334,67,3102,32,6334,67,1532918960706]
07-30 08:19:25.229  1000  2741  2911 I netstats_mobile_sample: [3102,32,6137,58,3102,32,6334,67,3102,32,6334,67,1532918966345]
07-30 08:19:25.674  1000  2741  2911 I netstats_mobile_sample: [3102,32,6137,58,3102,32,6334,67,3102,32,6334,67,1532918966791]
07-30 08:33:20.176  1000  2741  2897 I netstats_mobile_sample: [3102,32,6137,58,3102,32,6334,67,3102,32,6334,67,1532919801293]
07-30 08:46:47.821  1000  2741  2911 I netstats_mobile_sample: [3102,32,6137,58,3102,32,6334,67,3102,32,6334,67,1532920608938]
07-30 08:46:48.559  1000  2741  2911 I netstats_mobile_sample: [3102,32,6137,58,3102,32,6334,67,3102,32,6334,67,1532920609676]
07-30 08:46:48.573  1000  2741  2911 I netstats_mobile_sample: [3102,32,6137,58,3102,32,6334,67,3102,32,6334,67,1532920609689]
07-30 08:46:50.058  1000  2741  2911 I netstats_mobile_sample: [3374,35,7040,69,3374,35,7149,78,3374,35,7149,78,1532920611175]
07-30 08:47:27.187  1000  2741  2911 I netstats_mobile_sample: [3957,42,8635,90,3957,42,8966,104,3957,42,8966,104,1532920648303]
07-30 08:47:27.213  1000  2741  2911 I netstats_mobile_sample: [3957,42,8635,90,3957,42,8966,104,3957,42,8966,104,1532920648329]
07-30 08:47:29.438  1000  2741  2911 I netstats_mobile_sample: [3957,42,8635,90,3957,42,8966,104,3957,42,8966,104,1532920650555]
07-30 08:47:29.838  1000  2741  2911 I netstats_mobile_sample: [3957,42,8635,90,3957,42,8966,104,3957,42,8966,104,1532920650955]
07-30 08:48:26.103  1000  2741  2911 I netstats_mobile_sample: [3957,42,8635,90,3957,42,8966,104,3957,42,8966,104,1532920707220]
07-30 08:48:27.016  1000  2741  2911 I netstats_mobile_sample: [3957,42,8635,90,3957,42,8966,104,3957,42,8966,104,1532920708133]
07-30 08:48:27.032  1000  2741  2911 I netstats_mobile_sample: [3957,42,8635,90,3957,42,8966,104,3957,42,8966,104,1532920708148]
07-30 08:49:10.823  1000  2741  2911 I netstats_mobile_sample: [4861,51,10752,117,4605,49,10867,131,4605,49,10867,131,1532920751939]
07-30 08:49:14.234  1000  2741  2911 I netstats_mobile_sample: [5077,54,11187,123,4821,52,11254,137,4821,52,11254,137,1532920755351]
07-30 08:49:14.259  1000  2741  2911 I netstats_mobile_sample: [5077,54,11187,123,4821,52,11254,137,4821,52,11254,137,1532920755376]
07-30 08:49:30.576  1000  2741  2911 I netstats_mobile_sample: [5077,54,11187,123,4821,52,11254,137,4821,52,11254,137,1532920771692]
07-30 08:49:30.962  1000  2741  2911 I netstats_mobile_sample: [5077,54,11187,123,4821,52,11254,137,4821,52,11254,137,1532920772079]
07-30 09:03:05.645  1000  2741  2897 I netstats_mobile_sample: [5077,54,11187,123,4821,52,11254,137,4821,52,11254,137,1532921586762]
07-30 09:08:11.343  1000  2741  2897 I netstats_mobile_sample: [5077,54,11187,123,4821,52,11254,137,4821,52,11254,137,1532921892460]
07-30 09:14:20.039  1000  2741  2897 I netstats_mobile_sample: [5077,54,11187,123,4821,52,11254,137,4821,52,11254,137,1532922261156]
07-30 09:16:19.886  1000  2741  2897 I netstats_mobile_sample: [5077,54,11187,123,4821,52,11254,137,4821,52,11254,137,1532922381003]
07-30 09:17:28.341  1000  2741  2911 I netstats_mobile_sample: [5077,54,11187,123,4821,52,11254,137,4821,52,11254,137,1532922449086]
07-30 09:17:29.116  1000  2741  2911 I netstats_mobile_sample: [5077,54,11187,123,4821,52,11254,137,4821,52,11254,137,1532922449861]
07-30 09:17:29.127  1000  2741  2911 I netstats_mobile_sample: [5077,54,11187,123,4821,52,11254,137,4821,52,11330,138,1532922449872]
07-30 09:17:31.618  1000  2741  2911 I netstats_mobile_sample: [5349,57,12142,135,5093,55,12113,149,5093,55,12189,150,1532922452364]
07-30 09:19:47.488  1000  2741  2897 I netstats_mobile_sample: [10906,97,26527,243,10650,95,25634,257,10650,95,25710,258,1532922588233]
07-30 09:20:04.765  1000  2741  2897 I netstats_mobile_sample: [10906,97,26766,246,10650,95,25849,260,10650,95,25925,261,1532922605511]
07-30 09:21:08.033  1000  2741  2911 I netstats_mobile_sample: [10906,97,27523,255,10650,95,26534,269,10650,95,26610,270,1532922668778]
07-30 09:21:08.049  1000  2741  2911 I netstats_mobile_sample: [10906,97,27523,255,10650,95,26534,269,10650,95,26610,270,1532922668794]
07-30 09:21:13.946  1000  2741  2911 I netstats_mobile_sample: [10906,97,27523,255,10650,95,26534,269,10650,95,26610,270,1532922674691]
07-30 09:21:14.307  1000  2741  2911 I netstats_mobile_sample: [10906,97,27523,255,10650,95,26534,269,10650,95,26610,270,1532922675053]
07-30 09:22:57.020  1000  2741  2897 I netstats_mobile_sample: [10906,97,27523,255,10650,95,26534,269,10650,95,26610,270,1532922777765]
07-30 09:25:42.614  1000  2741  2897 I netstats_mobile_sample: [10906,97,27523,255,10650,95,26534,269,10650,95,26610,270,1532922943359]
07-30 09:26:37.216  1000  2741  2897 I netstats_mobile_sample: [10906,97,27523,255,10650,95,26534,269,10650,95,26610,270,1532922997961]
07-30 09:28:45.024  1000  2741  2897 I netstats_mobile_sample: [10906,97,27523,255,10650,95,26534,269,10650,95,26610,270,1532923125769]
07-30 09:31:03.464  1000  2741  2897 I netstats_mobile_sample: [10906,97,27523,255,10650,95,26534,269,10650,95,26610,270,1532923264209]
07-30 09:33:21.177  1000  2741  2897 I netstats_mobile_sample: [10906,97,27523,255,10650,95,26534,269,10650,95,26610,270,1532923401922]
07-30 09:59:08.096  1000  2741  2911 I netstats_mobile_sample: [10906,97,27523,255,10650,95,26534,269,10650,95,26610,270,1532924948649]
07-30 09:59:08.905  1000  2741  2911 I netstats_mobile_sample: [10906,97,27523,255,10650,95,26534,269,10650,95,26610,270,1532924949458]
07-30 09:59:08.917  1000  2741  2911 I netstats_mobile_sample: [10906,97,27523,255,10650,95,26534,269,10650,95,26610,270,1532924949470]
07-30 09:59:10.206  1000  2741  2911 I netstats_mobile_sample: [11345,102,28562,268,11089,100,27469,282,11089,100,27545,283,1532924950760]
07-30 09:59:36.225  1000  2741  2911 I netstats_mobile_sample: [11489,104,29270,278,11233,102,28297,295,11233,102,28373,296,1532924976778]
07-30 09:59:36.271  1000  2741  2911 I netstats_mobile_sample: [11489,104,29270,278,11233,102,28297,295,11233,102,28373,296,1532924976825]
07-30 09:59:43.148  1000  2741  2911 I netstats_mobile_sample: [11489,104,29270,278,11233,102,28297,295,11233,102,28373,296,1532924983701]
07-30 09:59:53.424  1000  2741  2911 I netstats_mobile_sample: [11489,104,29270,278,11233,102,28297,295,11233,102,28373,296,1532924993978]
07-30 09:59:53.849  1000  2741  2911 I netstats_mobile_sample: [11489,104,29270,278,11233,102,28297,295,11233,102,28373,296,1532924994402]
07-30 10:02:16.238  1000  2741  2911 I netstats_mobile_sample: [11489,104,29270,278,11233,102,28297,295,11233,102,28373,296,1532925136791]
07-30 10:02:17.050  1000  2741  2911 I netstats_mobile_sample: [11489,104,29270,278,11233,102,28297,295,11233,102,28373,296,1532925137603]
07-30 10:02:17.067  1000  2741  2911 I netstats_mobile_sample: [11489,104,29270,278,11233,102,28297,295,11233,102,28449,297,1532925137620]
07-30 10:02:37.443  1000  2741  2911 I netstats_mobile_sample: [13212,123,32356,312,12628,118,31111,329,12412,115,31263,331,1532925158102]
07-30 10:03:20.774  1000  2741  2897 I netstats_mobile_sample: [17904,149,35712,334,17320,144,34291,351,17104,141,34443,353,1532925201162]
07-30 10:08:33.208  1000  2741  2911 I netstats_mobile_sample: [74720,295,59923,480,74084,289,57262,496,73868,286,57414,498,1532925513825]
07-30 10:08:33.228  1000  2741  2911 I netstats_mobile_sample: [74720,295,59923,480,74084,289,57262,496,73868,286,57414,498,1532925513846]
07-30 10:09:52.409  1000  2741  2911 I netstats_mobile_sample: [93466,416,219175,647,92830,410,213018,633,92614,407,213170,635,1532925592841]
07-30 10:10:13.786  1000  2741  2911 I netstats_mobile_sample: [93466,416,219175,647,92830,410,213018,633,92614,407,213170,635,1532925614338]
07-30 10:13:56.342  1000  2741  2911 I netstats_mobile_sample: [980117,1716,462547,1954,979185,1705,445438,1932,978969,1702,445590,1934,1532925836817]
07-30 10:13:56.363  1000  2741  2911 I netstats_mobile_sample: [981397,1717,462627,1955,980465,1706,445510,1933,978969,1702,445590,1934,1532925836838]
07-30 10:15:49.057  1000  2741  2911 I netstats_mobile_sample: [1000591,1754,473385,2009,999659,1743,455692,1985,999443,1740,455844,1987,1532925949449]
07-30 10:15:50.011  1000  2741  2911 I netstats_mobile_sample: [1006650,1777,480397,2040,1005646,1765,462456,2016,1005430,1762,462552,2017,1532925950404]
07-30 10:15:50.133  1000  2741  2911 I netstats_mobile_sample: [1007081,1781,481107,2044,1006077,1769,463134,2020,1005789,1765,462803,2020,1532925950526]
07-30 10:15:51.204  1000  2741  2911 I netstats_mobile_sample: [1010719,1801,483038,2057,1009715,1789,464961,2033,1009499,1786,465113,2035,1532925951597]
07-30 10:33:06.541  1000  2741  2897 I netstats_mobile_sample: [1011533,1810,483920,2068,1010529,1798,465755,2044,1010313,1795,465907,2046,1532926986933]
07-30 10:37:10.310  1000  2741  2911 I netstats_mobile_sample: [1011533,1810,483920,2068,1010529,1798,465755,2044,1010313,1795,465907,2046,1532927230703]
07-30 10:37:12.273  1000  2741  2911 I netstats_mobile_sample: [1032564,1882,497755,2146,1031560,1870,478966,2122,1031344,1867,479118,2124,1532927232665]
07-30 10:37:12.323  1000  2741  2911 I netstats_mobile_sample: [1032616,1883,497848,2147,1031560,1870,478966,2122,1031344,1867,479118,2124,1532927232715]
07-30 10:37:13.815  1000  2741  2911 I netstats_mobile_sample: [1038655,1900,501614,2166,1037651,1888,482665,2142,1037435,1885,482817,2144,1532927234207]
07-30 10:42:33.166  1000  2741  2911 I netstats_mobile_sample: [1039820,1916,502922,2183,1038816,1904,483837,2159,1038600,1901,483989,2161,1532927553558]
07-30 10:49:34.191  1000  2741  2911 I netstats_mobile_sample: [5788658,6761,1087314,6986,5787326,6744,1028581,6940,5787110,6741,1028733,6942,1532927974211]
07-30 10:49:34.212  1000  2741  2911 I netstats_mobile_sample: [5788658,6761,1087314,6986,5787326,6744,1028581,6940,5787110,6741,1028733,6942,1532927974231]
07-30 10:50:59.536  1000  2741  2911 I netstats_mobile_sample: [5789358,6768,1088537,7003,5788026,6751,1029668,6957,5787810,6748,1029820,6959,1532928059556]
07-30 10:52:16.651  1000  2741  2911 I netstats_mobile_sample: [5820752,6883,1112376,7122,5819276,6864,1052555,7076,5819060,6861,1052707,7078,1532928137606]
07-30 10:52:16.688  1000  2741  2911 I netstats_mobile_sample: [5820752,6883,1112376,7122,5819276,6864,1052555,7076,5819060,6861,1052707,7078,1532928137644]
07-30 10:52:17.551  1000  2741  2911 I netstats_mobile_sample: [5820752,6883,1112456,7123,5819276,6864,1052627,7077,5819060,6861,1052779,7079,1532928138507]
07-30 10:53:36.757  1000  2741  2911 I netstats_mobile_sample: [5821012,6887,1113007,7130,5819536,6868,1053122,7084,5819320,6865,1053274,7086,1532928217713]
07-30 10:54:05.587  1000  2741  2911 I netstats_mobile_sample: [5851097,7017,1137274,7266,5849549,6997,1076229,7219,5849333,6994,1076381,7221,1532928246543]
07-30 10:54:05.606  1000  2741  2911 I netstats_mobile_sample: [5851097,7017,1137274,7266,5849549,6997,1076229,7219,5849333,6994,1076381,7221,1532928246561]
07-30 10:54:07.098  1000  2741  2911 I netstats_mobile_sample: [5855221,7033,1141827,7286,5853673,7013,1080550,7238,5853457,7010,1080702,7240,1532928248054]
07-30 11:03:20.766  1000  2741  2897 I netstats_mobile_sample: [5855449,7036,1142338,7292,5853901,7016,1081013,7244,5853685,7013,1081165,7246,1532928801159]
07-30 11:12:17.846  1000  2741  2911 I netstats_mobile_sample: [5855449,7036,1142338,7292,5853901,7016,1081013,7244,5853685,7013,1081165,7246,1532929338399]
07-30 11:12:19.815  1000  2741  2911 I netstats_mobile_sample: [5861308,7082,1149613,7345,5859760,7062,1087864,7297,5859544,7059,1088016,7299,1532929340368]
07-30 11:12:19.857  1000  2741  2911 I netstats_mobile_sample: [5861308,7082,1149613,7345,5859760,7062,1087864,7297,5859544,7059,1088016,7299,1532929340411]
07-30 11:12:20.476  1000  2741  2911 I netstats_mobile_sample: [5861975,7085,1149817,7348,5860427,7065,1088044,7300,5860211,7062,1088196,7302,1532929341029]
07-30 11:33:44.192  1000  2741  2897 I netstats_mobile_sample: [5862575,7094,1150655,7359,5861027,7074,1088794,7311,5860811,7071,1088946,7313,1532930625028]
07-30 11:37:03.332  1000  2741  2911 I netstats_mobile_sample: [5862575,7094,1150655,7359,5861027,7074,1088794,7311,5860811,7071,1088946,7313,1532930823811]
07-30 11:37:05.538  1000  2741  2911 I netstats_mobile_sample: [5881057,7177,1167032,7442,5879509,7157,1104507,7394,5879293,7154,1104659,7396,1532930826018]
07-30 11:37:05.556  1000  2741  2911 I netstats_mobile_sample: [5881057,7177,1167032,7442,5879509,7157,1104507,7394,5879293,7154,1104659,7396,1532930826036]
07-30 11:37:05.596  1000  2741  2911 I netstats_mobile_sample: [5882111,7179,1167032,7442,5879509,7157,1104507,7394,5879293,7154,1104659,7396,1532930826075]
07-30 11:50:25.541  1000  2741  2911 I netstats_mobile_sample: [5887606,7206,1174177,7477,5886058,7186,1111300,7428,5885842,7183,1111452,7430,1532931625777]
07-30 11:50:28.948  1000  2741  2911 I netstats_mobile_sample: [5904131,7286,1191987,7568,5902531,7265,1128382,7519,5902315,7262,1128534,7521,1532931629183]
07-30 11:50:28.971  1000  2741  2911 I netstats_mobile_sample: [5904131,7286,1191987,7568,5902583,7266,1128382,7519,5902367,7263,1128534,7521,1532931629206]
07-30 11:50:29.651  1000  2741  2911 I netstats_mobile_sample: [5906717,7302,1195516,7585,5905169,7282,1131775,7536,5904953,7279,1131927,7538,1532931629886]
07-30 11:51:20.514  1000  2741  2911 I netstats_mobile_sample: [5928875,7348,1209589,7636,5927327,7328,1145224,7584,5927111,7325,1145376,7586,1532931680746]
07-30 11:57:45.445  1000  2741  2911 I netstats_mobile_sample: [6064710,7760,1287594,8001,6063110,7739,1219517,7938,6062894,7736,1219669,7940,1532932066382]
07-30 11:57:45.477  1000  2741  2911 I netstats_mobile_sample: [6064710,7760,1287594,8001,6063110,7739,1219517,7938,6062894,7736,1219669,7940,1532932066415]
07-30 11:58:05.451  1000  2741  2911 I netstats_mobile_sample: [6064970,7764,1288293,8010,6063370,7743,1220144,7947,6063154,7740,1220296,7949,1532932086388]
07-30 11:59:05.880  1000  2741  2911 I netstats_mobile_sample: [6079380,7855,1300900,8112,6077780,7834,1231935,8049,6077564,7831,1232087,8051,1532932146400]
07-30 11:59:05.919  1000  2741  2911 I netstats_mobile_sample: [6079380,7855,1300900,8112,6077780,7834,1231935,8049,6077564,7831,1232087,8051,1532932146439]
07-30 11:59:17.875  1000  2741  2911 I netstats_mobile_sample: [6079380,7855,1300900,8112,6077780,7834,1231935,8049,6077564,7831,1232087,8051,1532932158395]
07-30 11:59:17.912  1000  2741  2911 I netstats_mobile_sample: [6079380,7855,1300900,8112,6077884,7836,1232015,8051,6078492,7840,1232935,8060,1532932158432]
07-30 12:03:05.849  1000  2741  2897 I netstats_mobile_sample: [6095624,7926,1313782,8182,6094128,7907,1244337,8121,6094736,7911,1245257,8130,1532932386048]
07-30 12:04:25.744  1000  2741  2911 I netstats_mobile_sample: [6095624,7926,1313782,8182,6094128,7907,1244337,8121,6094736,7911,1245257,8130,1532932465944]
07-30 12:04:25.763  1000  2741  2911 I netstats_mobile_sample: [6095624,7926,1314140,8184,6094454,7910,1244679,8123,6095529,7918,1246110,8135,1532932465963]
07-30 12:04:56.017  1000  2741  2911 I netstats_mobile_sample: [6125914,8008,1330085,8268,6124692,7991,1259880,8206,6125767,7999,1261311,8218,1532932496015]
07-30 12:04:56.043  1000  2741  2911 I netstats_mobile_sample: [6125914,8008,1330085,8268,6124692,7991,1259880,8206,6125767,7999,1261311,8218,1532932496041]
07-30 12:04:56.103  1000  2741  2911 I netstats_mobile_sample: [6125914,8008,1330085,8268,6124692,7991,1259880,8206,6125767,7999,1261311,8218,1532932496101]
07-30 12:05:01.101  1000  2741  2911 I netstats_mobile_sample: [6125914,8008,1330085,8268,6124692,7991,1259880,8206,6125767,7999,1261311,8218,1532932501099]
07-30 12:05:01.156  1000  2741  2911 I netstats_mobile_sample: [6125914,8008,1330085,8268,6124692,7991,1259880,8206,6125767,7999,1261311,8218,1532932501154]
07-30 12:05:01.481  1000  2741  2911 I netstats_mobile_sample: [6125914,8008,1330085,8268,6124692,7991,1259880,8206,6125767,7999,1261311,8218,1532932501479]
07-30 12:05:01.503  1000  2741  2911 I netstats_mobile_sample: [6125914,8008,1330085,8268,6124692,7991,1259880,8206,6125819,8000,1261609,8219,1532932501501]
07-30 12:05:38.958  1000  2741  2911 I netstats_mobile_sample: [6131207,8049,1334033,8303,6129985,8032,1263548,8241,6131112,8041,1265277,8254,1532932539876]
07-30 12:06:27.511  1000  2741  2911 I netstats_mobile_sample: [6143853,8126,1347446,8388,6142559,8108,1276281,8326,6143686,8117,1278010,8339,1532932587990]
07-30 12:06:27.546  1000  2741  2911 I netstats_mobile_sample: [6143853,8126,1347446,8388,6142559,8108,1276281,8326,6143686,8117,1278010,8339,1532932588025]
07-30 12:06:28.848  1000  2741  2911 I netstats_mobile_sample: [6143853,8126,1347446,8388,6142559,8108,1276281,8326,6143686,8117,1278010,8339,1532932589327]
07-30 12:06:57.141  1000  2741  2911 I netstats_mobile_sample: [6144510,8133,1347998,8396,6143216,8115,1276769,8334,6144343,8124,1278498,8347,1532932617739]
07-30 12:08:08.121  1000  2741  2911 I netstats_mobile_sample: [6155217,8207,1402764,8478,6153923,8189,1329799,8401,6155050,8198,1331528,8414,1532932688786]
07-30 12:08:08.138  1000  2741  2911 I netstats_mobile_sample: [6155217,8207,1402764,8478,6153923,8189,1329799,8401,6155050,8198,1331528,8414,1532932688803]
07-30 12:08:09.410  1000  2741  2911 I netstats_mobile_sample: [6156400,8214,1403235,8484,6155106,8196,1330222,8407,6156233,8205,1331951,8420,1532932690075]
07-30 12:08:29.883  1000  2741  2911 I netstats_mobile_sample: [6156400,8214,1403535,8488,6155106,8196,1330490,8411,6156233,8205,1332219,8424,1532932710121]
07-30 12:09:22.848  1000  2741  2911 I netstats_mobile_sample: [6168937,8318,1422786,8608,6167643,8300,1348781,8531,6168770,8309,1350510,8544,1532932763087]
07-30 12:09:22.897  1000  2741  2911 I netstats_mobile_sample: [6168937,8318,1422786,8608,6167643,8300,1348781,8531,6168770,8309,1350510,8544,1532932763136]
07-30 12:12:29.629  1000  2741  2911 I netstats_mobile_sample: [6169853,8335,1424316,8632,6168559,8317,1350119,8555,6169686,8326,1351848,8568,1532932950390]
07-30 12:12:32.092  1000  2741  2911 I netstats_mobile_sample: [6175897,8383,1431644,8687,6174603,8365,1357007,8610,6175730,8374,1358736,8623,1532932952092]
07-30 12:12:32.110  1000  2741  2911 I netstats_mobile_sample: [6175897,8383,1431644,8687,6174603,8365,1357007,8610,6175730,8374,1358736,8623,1532932952111]
07-30 12:12:33.045  1000  2741  2911 I netstats_mobile_sample: [6176910,8393,1432820,8700,6175576,8374,1358079,8623,6176703,8383,1359808,8636,1532932953046]
07-30 12:12:53.249  1000  2741  2911 I netstats_mobile_sample: [6177737,8402,1433443,8709,6176443,8384,1358630,8632,6177570,8393,1360359,8645,1532932973249]
07-30 12:12:55.853  1000  2741  2911 I netstats_mobile_sample: [6184912,8450,1443359,8766,6183618,8432,1368018,8688,6184745,8441,1369747,8701,1532932975893]
07-30 12:12:55.878  1000  2741  2911 I netstats_mobile_sample: [6184912,8450,1443359,8766,6183618,8432,1368018,8688,6184745,8441,1369747,8701,1532932975918]
07-30 12:12:56.572  1000  2741  2911 I netstats_mobile_sample: [6188603,8462,1445203,8780,6187309,8444,1369401,8701,6188254,8451,1370948,8712,1532932976612]
07-30 12:14:26.637  1000  2741  2911 I netstats_mobile_sample: [6202796,8511,1454107,8833,6201430,8492,1378230,8755,6202557,8501,1379959,8768,1532933066834]
07-30 12:14:31.025  1000  2741  2911 I netstats_mobile_sample: [6217587,8571,1467848,8906,6216221,8552,1391387,8828,6217348,8561,1393116,8841,1532933071221]
07-30 12:14:32.330  1000  2741  2911 I netstats_mobile_sample: [6221602,8583,1470962,8920,6220236,8564,1394389,8842,6221363,8573,1396118,8855,1532933072527]
07-30 12:14:32.350  1000  2741  2911 I netstats_mobile_sample: [6221602,8583,1470962,8920,6220236,8564,1394389,8842,6221363,8573,1396118,8855,1532933072547]
07-30 12:14:33.225  1000  2741  2911 I netstats_mobile_sample: [6226420,8592,1473409,8931,6225054,8573,1396676,8852,6226181,8582,1398405,8865,1532933073422]
07-30 12:17:43.597  1000  2741  2911 I netstats_mobile_sample: [6231039,8608,1474605,8947,6229673,8589,1397744,8868,6230800,8598,1399473,8881,1532933264516]
07-30 12:17:46.222  1000  2741  2911 I netstats_mobile_sample: [6239274,8659,1488109,9006,6237908,8640,1410776,8927,6239035,8649,1412505,8940,1532933267140]
07-30 12:17:46.245  1000  2741  2911 I netstats_mobile_sample: [6239274,8659,1488109,9006,6237908,8640,1410776,8927,6239035,8649,1412505,8940,1532933267164]
07-30 12:17:47.174  1000  2741  2911 I netstats_mobile_sample: [6256977,8679,1491468,9029,6255611,8660,1413879,8949,6256738,8669,1415608,8962,1532933268092]
07-30 12:19:05.321  1000  2741  2911 I netstats_mobile_sample: [6267592,8703,1492796,9046,6266226,8684,1415071,8966,6267353,8693,1416800,8979,1532933346001]
07-30 12:19:34.151  1000  2741  2911 I netstats_mobile_sample: [6302059,8814,1511708,9153,6300693,8795,1432983,9071,6301820,8804,1434712,9084,1532933374831]
07-30 12:19:34.187  1000  2741  2911 I netstats_mobile_sample: [6302059,8814,1511708,9153,6300693,8795,1432983,9071,6301820,8804,1434712,9084,1532933374867]
07-30 12:19:35.140  1000  2741  2911 I netstats_mobile_sample: [6302215,8816,1512007,9157,6300849,8797,1433250,9075,6301976,8806,1434979,9088,1532933375820]
07-30 12:33:20.746  1000  2741  2897 I netstats_mobile_sample: [6302359,8819,1512275,9161,6300993,8800,1433486,9079,6302120,8809,1435215,9092,1532934201267]
07-30 12:33:57.265  1000  2741  2911 I netstats_mobile_sample: [6302359,8819,1512275,9161,6300993,8800,1433486,9079,6302120,8809,1435215,9092,1532934237705]
07-30 12:34:15.116  1000  2741  2911 I netstats_mobile_sample: [6339267,8956,1536368,9313,6337901,8937,1456363,9231,6339028,8946,1458092,9244,1532934255154]
07-30 12:34:15.148  1000  2741  2911 I netstats_mobile_sample: [6339267,8956,1536368,9313,6337901,8937,1456363,9231,6339028,8946,1458092,9244,1532934255187]
07-30 12:34:16.062  1000  2741  2911 I netstats_mobile_sample: [6339463,8959,1536795,9319,6338097,8940,1456742,9237,6339224,8949,1458471,9250,1532934256383]
07-30 12:35:27.219  1000  2741  2911 I netstats_mobile_sample: [6339567,8961,1536855,9320,6338201,8942,1456794,9238,6339328,8951,1458523,9251,1532934327340]
07-30 12:35:29.136  1000  2741  2911 I netstats_mobile_sample: [6345127,8999,1548207,9374,6343761,8980,1467642,9291,6344888,8989,1468962,9303,1532934329256]
07-30 12:35:29.157  1000  2741  2911 I netstats_mobile_sample: [6345127,8999,1548207,9374,6343761,8980,1467642,9291,6344888,8989,1469371,9304,1532934329277]
07-30 12:35:30.077  1000  2741  2911 I netstats_mobile_sample: [6350449,9027,1551145,9396,6349083,9008,1470404,9313,6350210,9017,1472133,9326,1532934330198]
07-30 13:04:15.002  1000  2741  2897 I netstats_mobile_sample: [6352544,9040,1552155,9409,6351178,9021,1471310,9326,6352305,9030,1473039,9339,1532936055562]
07-30 13:10:33.931  1000  2741  2911 I netstats_mobile_sample: [6352544,9040,1552155,9409,6351178,9021,1471310,9326,6352305,9030,1473039,9339,1532936434491]
07-30 13:10:37.696  1000  2741  2911 I netstats_mobile_sample: [6363059,9084,1569825,9484,6361693,9065,1488380,9401,6362820,9074,1490109,9414,1532936438255]
07-30 13:10:37.739  1000  2741  2911 I netstats_mobile_sample: [6365061,9086,1570123,9486,6363695,9067,1488662,9403,6364822,9076,1490391,9416,1532936438298]
07-30 13:10:39.213  1000  2741  2911 I netstats_mobile_sample: [6370419,9097,1574700,9505,6369053,9078,1493087,9422,6370180,9087,1494816,9435,1532936439773]
07-30 13:11:18.757  1000  2741  2911 I netstats_mobile_sample: [6387720,9150,1586615,9559,6386354,9131,1504570,9476,6387481,9140,1506299,9489,1532936479199]
07-30 13:11:20.926  1000  2741  2911 I netstats_mobile_sample: [6397228,9194,1595816,9605,6395862,9175,1513403,9522,6396989,9184,1515132,9535,1532936481368]
07-30 13:11:20.954  1000  2741  2911 I netstats_mobile_sample: [6400321,9199,1595939,9607,6398955,9180,1513510,9524,6396989,9184,1515132,9535,1532936481396]
07-30 13:11:21.965  1000  2741  2911 I netstats_mobile_sample: [6400731,9202,1596314,9611,6399365,9183,1513853,9528,6400492,9192,1515582,9541,1532936482407]
07-30 13:11:37.732  1000  2741  2911 I netstats_mobile_sample: [6400991,9206,1596705,9616,6399625,9187,1514204,9533,6400752,9196,1515933,9546,1532936498215]
07-30 13:11:39.197  1000  2741  2911 I netstats_mobile_sample: [6411320,9255,1604911,9667,6409954,9236,1521930,9583,6411081,9245,1523659,9596,1532936499680]
07-30 13:11:39.223  1000  2741  2911 I netstats_mobile_sample: [6411320,9255,1604911,9667,6409954,9236,1521930,9583,6411081,9245,1523659,9596,1532936499705]
07-30 13:11:40.153  1000  2741  2911 I netstats_mobile_sample: [6412100,9262,1605455,9672,6410734,9243,1522434,9588,6411861,9252,1524163,9601,1532936500636]
07-30 13:12:33.256  1000  2741  2911 I netstats_mobile_sample: [6412360,9266,1605706,9675,6410994,9247,1522661,9591,6412121,9256,1524390,9604,1532936553938]
07-30 13:13:22.538  1000  2741  2911 I netstats_mobile_sample: [6429713,9367,1626691,9794,6428347,9348,1542694,9710,6429474,9357,1544423,9723,1532936603219]
07-30 13:13:22.572  1000  2741  2911 I netstats_mobile_sample: [6429713,9367,1626691,9794,6428347,9348,1542694,9710,6429474,9357,1544423,9723,1532936603254]
07-30 13:19:09.611  1000  2741  2911 I netstats_mobile_sample: [6429713,9367,1626691,9794,6428347,9348,1542694,9710,6429474,9357,1544423,9723,1532936950293]
07-30 13:19:09.653  1000  2741  2911 I netstats_mobile_sample: [6429773,9368,1626835,9796,6428407,9349,1542822,9712,6429534,9358,1544551,9725,1532936950335]
07-30 13:32:53.812  1000  2741  2897 I netstats_mobile_sample: [6615662,9885,1736468,10314,6614224,9865,1647467,10218,6615351,9874,1649196,10231,1532937774533]
07-30 13:41:08.156  1000  2741  2911 I netstats_mobile_sample: [6657325,10032,1767883,10446,6655887,10012,1677322,10343,6657014,10021,1679051,10356,1532938268718]
07-30 13:41:08.181  1000  2741  2911 I netstats_mobile_sample: [6657325,10032,1767883,10446,6655887,10012,1677322,10343,6657014,10021,1679051,10356,1532938268743]
07-30 13:41:23.321  1000  2741  2911 I netstats_mobile_sample: [6673136,10083,1777600,10496,6671698,10063,1686639,10393,6672825,10072,1688368,10406,1532938283528]
07-30 13:42:01.208  1000  2741  2911 I netstats_mobile_sample: [6673370,10084,1777660,10497,6671932,10064,1686691,10394,6673059,10073,1688420,10407,1532938321650]
07-30 13:42:01.235  1000  2741  2911 I netstats_mobile_sample: [6673370,10084,1777660,10497,6671932,10064,1686691,10394,6673059,10073,1688420,10407,1532938321677]
07-30 13:42:12.983  1000  2741  2911 I netstats_mobile_sample: [6680810,10102,1779841,10514,6679372,10082,1688736,10411,6680499,10091,1690465,10424,1532938333425]
07-30 13:42:13.023  1000  2741  2911 I netstats_mobile_sample: [6680810,10102,1779841,10514,6679372,10082,1688736,10411,6680499,10091,1690465,10424,1532938333464]
07-30 13:42:21.102  1000  2741  2911 I netstats_mobile_sample: [6680810,10102,1779841,10514,6679372,10082,1688736,10411,6680499,10091,1690465,10424,1532938341543]
07-30 13:42:35.444  1000  2741  2911 I netstats_mobile_sample: [6680810,10102,1779841,10514,6679372,10082,1688736,10411,6680499,10091,1690465,10424,1532938355885]
07-30 13:43:09.990  1000  2741  2911 I netstats_mobile_sample: [6680810,10102,1779841,10514,6679372,10082,1688736,10411,6680499,10091,1690465,10424,1532938390432]
07-30 13:50:48.386  1000  2741  2911 I netstats_mobile_sample: [6680810,10102,1779841,10514,6679372,10082,1688736,10411,6680499,10091,1690465,10424,1532938848828]
07-30 13:50:48.414  1000  2741  2911 I netstats_mobile_sample: [6687135,10156,1779841,10514,6684709,10124,1688736,10411,6688741,10155,1690660,10425,1532938848856]
07-30 14:03:44.754  1000  2741  2897 I netstats_mobile_sample: [6809904,10687,1842563,10848,6809786,10672,1748610,10742,6813818,10703,1750534,10756,1532939625554]
07-30 14:16:19.132  1000  2741  2911 I netstats_mobile_sample: [8713714,13244,2410311,13445,8712960,13219,2292674,13293,8716992,13250,2294598,13307,1532940379575]
07-30 14:16:19.152  1000  2741  2911 I netstats_mobile_sample: [8713714,13244,2410311,13445,8712960,13219,2292674,13293,8716992,13250,2294598,13307,1532940379594]
07-30 14:23:45.846  1000  2741  2911 I netstats_mobile_sample: [8723202,13277,2416848,13484,8722448,13252,2298827,13331,8726480,13283,2300751,13345,1532940826529]
07-30 14:24:11.250  1000  2741  2911 I netstats_mobile_sample: [8746332,13375,2434841,13586,8745578,13350,2316004,13433,8749610,13381,2317928,13447,1532940851375]
07-30 14:24:11.326  1000  2741  2911 I netstats_mobile_sample: [8746332,13375,2434841,13586,8745578,13350,2316004,13433,8749610,13381,2317928,13447,1532940851451]
07-30 14:32:25.332  1000  2741  2911 I netstats_mobile_sample: [8751174,13394,2439511,13607,8750420,13369,2320434,13453,8754452,13400,2322358,13467,1532941346292]
07-30 14:32:49.040  1000  2741  2911 I netstats_mobile_sample: [8766066,13480,2456164,13709,8765312,13455,2336271,13555,8769344,13486,2338195,13569,1532941369765]
07-30 14:32:49.061  1000  2741  2911 I netstats_mobile_sample: [8766066,13480,2456164,13709,8765312,13455,2336271,13555,8769344,13486,2338195,13569,1532941369786]
07-30 14:32:50.216  1000  2741  2911 I netstats_mobile_sample: [8771474,13494,2458305,13720,8770720,13469,2338324,13566,8774752,13500,2340248,13580,1532941370940]
07-30 14:32:52.773  1000  2741  2897 I netstats_mobile_sample: [8776260,13513,2462625,13740,8775506,13488,2342412,13585,8779538,13519,2344281,13598,1532941373498]
07-30 14:34:29.501  1000  2741  2911 I netstats_mobile_sample: [8776703,13520,2463327,13750,8775949,13495,2343034,13595,8779981,13526,2344958,13609,1532941470226]
07-30 14:35:36.506  1000  2741  2911 I netstats_mobile_sample: [8799365,13616,2488982,13868,8798611,13591,2367745,13713,8802643,13622,2369669,13727,1532941537230]
07-30 14:35:36.530  1000  2741  2911 I netstats_mobile_sample: [8799365,13616,2488982,13868,8798611,13591,2367745,13713,8802643,13622,2369669,13727,1532941537255]
07-30 14:35:38.438  1000  2741  2911 I netstats_mobile_sample: [8799425,13617,2489250,13872,8798671,13592,2367981,13717,8802703,13623,2369905,13731,1532941538681]
07-30 15:03:46.498  1000  2741  2897 I netstats_mobile_sample: [8799965,13626,2489960,13881,8799211,13601,2368619,13726,8803243,13632,2370543,13740,1532943227345]
07-30 15:27:32.643  1000  2741  2897 I netstats_mobile_sample: [8799965,13626,2489960,13881,8799211,13601,2368619,13726,8803243,13632,2370543,13740,1532944653324]
07-30 15:27:38.568  1000  2741  2897 I netstats_mobile_sample: [8799965,13626,2489960,13881,8799211,13601,2368619,13726,8803243,13632,2370543,13740,1532944659249]
07-30 15:30:16.862  1000  2741  2911 I netstats_mobile_sample: [8799965,13626,2489960,13881,8799211,13601,2368619,13726,8803243,13632,2370543,13740,1532944817543]
07-30 15:31:14.305  1000  2741  2911 I netstats_mobile_sample: [9625345,14576,2639660,14849,9624591,14551,2510431,14692,9627223,14581,2512283,14705,1532944874986]
07-30 15:31:14.339  1000  2741  2911 I netstats_mobile_sample: [9626745,14577,2639740,14850,9625991,14552,2510503,14693,9630023,14583,2512427,14707,1532944875020]
07-30 15:31:24.690  1000  2741  2911 I netstats_mobile_sample: [9775485,14689,2649739,14969,9774731,14664,2519550,14812,9778763,14695,2521474,14826,1532944885371]
07-30 15:31:25.454  1000  2741  2911 I netstats_mobile_sample: [9788085,14698,2650820,14981,9787331,14673,2520535,14824,9789963,14703,2522375,14837,1532944886135]
07-30 15:31:25.477  1000  2741  2911 I netstats_mobile_sample: [9789485,14699,2650912,14982,9788731,14674,2520619,14825,9791363,14704,2522459,14838,1532944886158]
07-30 15:31:26.540  1000  2741  2911 I netstats_mobile_sample: [9802390,14724,2655522,15020,9801636,14699,2524925,14863,9805668,14730,2526849,14877,1532944887220]
07-30 15:33:07.381  1000  2741  2897 I netstats_mobile_sample: [9854683,14838,2676631,15163,9853929,14813,2544890,15006,9857961,14844,2546814,15020,1532944988062]
07-30 15:33:29.736  1000  2741  2911 I netstats_mobile_sample: [9854683,14838,2676631,15163,9853929,14813,2544890,15006,9857961,14844,2546814,15020,1532945010414]
07-30 15:33:33.629  1000  2741  2911 I netstats_mobile_sample: [9877314,14927,2696083,15261,9875280,14901,2563486,15103,9879312,14932,2565338,15116,1532945014310]
07-30 15:33:33.653  1000  2741  2911 I netstats_mobile_sample: [9877314,14927,2696083,15261,9876560,14902,2563558,15104,9880592,14933,2565482,15118,1532945014334]
07-30 15:33:49.653  1000  2741  2911 I netstats_mobile_sample: [9973957,15031,2709392,15375,9973203,15006,2575955,15218,9977235,15037,2577879,15232,1532945030334]
07-30 15:34:53.083  1000  2741  2911 I netstats_mobile_sample: [10014751,15181,2740204,15528,10013997,15156,2605543,15371,10018029,15187,2607467,15385,1532945093458]
07-30 15:34:53.128  1000  2741  2911 I netstats_mobile_sample: [10014751,15181,2740204,15528,10013997,15156,2605543,15371,10018029,15187,2607467,15385,1532945093504]
07-30 15:34:54.592  1000  2741  2911 I netstats_mobile_sample: [10016023,15189,2744585,15539,10015269,15164,2609764,15381,10019301,15195,2611688,15395,1532945094967]
07-30 15:41:40.983  1000  2741  2897 I netstats_mobile_sample: [10043542,15218,2746424,15562,10042788,15193,2611419,15404,10046820,15224,2613343,15418,1532945501231]
07-30 15:43:44.321  1000  2741  2897 I netstats_mobile_sample: [10043542,15218,2746424,15562,10042788,15193,2611419,15404,10046820,15224,2613343,15418,1532945624568]
07-30 15:49:22.506  1000  2741  2897 I netstats_mobile_sample: [10043542,15218,2746424,15562,10042788,15193,2611419,15404,10046820,15224,2613343,15418,1532945962754]
07-30 15:50:02.219  1000  2741  2911 I netstats_mobile_sample: [10043542,15218,2746424,15562,10042788,15193,2611419,15404,10046820,15224,2613343,15418,1532946002466]
07-30 15:50:03.811  1000  2741  2911 I netstats_mobile_sample: [10049210,15256,2752496,15605,10048456,15231,2617147,15447,10052488,15262,2619071,15461,1532946004059]
07-30 15:50:03.838  1000  2741  2911 I netstats_mobile_sample: [10049210,15256,2752496,15605,10048456,15231,2617147,15447,10052488,15262,2619071,15461,1532946004085]
07-30 15:50:04.904  1000  2741  2911 I netstats_mobile_sample: [10053634,15271,2753680,15621,10052880,15246,2618203,15463,10056912,15277,2620127,15477,1532946005352]
07-30 15:51:44.258  1000  2741  2897 I netstats_mobile_sample: [10053934,15275,2754111,15626,10053180,15250,2618594,15468,10057212,15281,2620518,15482,1532946104705]
07-30 15:54:57.384  1000  2741  2897 I netstats_mobile_sample: [10053934,15275,2754111,15626,10053180,15250,2618594,15468,10057212,15281,2620518,15482,1532946297831]
07-30 15:55:38.377  1000  2741  2911 I netstats_mobile_sample: [10053934,15275,2754111,15626,10053180,15250,2618594,15468,10057212,15281,2620518,15482,1532946338825]
07-30 15:55:52.886  1000  2741  2911 I netstats_mobile_sample: [10097692,15425,2780792,15787,10096938,15400,2643987,15629,10100970,15431,2645911,15643,1532946353333]
07-30 15:55:52.916  1000  2741  2911 I netstats_mobile_sample: [10097692,15425,2780792,15787,10096938,15400,2643987,15629,10100970,15431,2645911,15643,1532946353364]
07-30 15:55:54.127  1000  2741  2911 I netstats_mobile_sample: [10101250,15437,2784871,15800,10100496,15412,2647890,15641,10104528,15443,2649814,15655,1532946354575]
07-30 15:58:12.102  1000  2741  2911 I netstats_mobile_sample: [10145502,15507,2819910,15881,10144748,15482,2682281,15722,10148780,15513,2684205,15736,1532946493121]
07-30 16:03:04.834  1000  2741  2897 I netstats_mobile_sample: [10279817,15797,2876422,16181,10279063,15772,2736177,16019,10283095,15803,2738101,16033,1532946785003]
07-30 16:14:47.611  1000  2741  2911 I netstats_mobile_sample: [21337343,24075,3456496,24453,21335965,24038,3249283,24280,21339997,24069,3251207,24294,1532947488541]
07-30 16:14:47.633  1000  2741  2911 I netstats_mobile_sample: [21337343,24075,3456496,24453,21335965,24038,3249283,24280,21339997,24069,3251207,24294,1532947488563]
07-30 16:14:56.757  1000  2741  2911 I netstats_mobile_sample: [21337343,24075,3456496,24453,21335965,24038,3249283,24280,21339997,24069,3251207,24294,1532947497687]
07-30 16:14:56.781  1000  2741  2911 I netstats_mobile_sample: [21338310,24084,3456544,24454,21336761,24045,3249283,24280,21340647,24075,3251207,24294,1532947497711]
07-30 16:33:04.875  1000  2741  2897 I netstats_mobile_sample: [39159258,37526,4424493,37922,39157652,37485,4108592,37736,39161684,37516,4110516,37750,1532948585045]
