07-30 08:02:00.030  1000  1310  1502 I netstats_wifi_sample: [0,0,0,0,0,0,0,0,0,0,0,0,-1]
07-30 08:02:43.963  1000  2741  2897 I netstats_wifi_sample: [0,0,0,0,0,0,0,0,0,0,0,0,-1]
07-30 08:02:53.244  1000  2741  2911 I netstats_wifi_sample: [0,0,0,0,0,0,0,0,0,0,0,0,-1]
07-30 08:02:53.262  1000  2741  2911 I netstats_wifi_sample: [0,0,0,0,0,0,0,0,0,0,0,0,-1]
07-30 08:03:44.569  1000  2741  2897 I netstats_wifi_sample: [17286404,12549,757929,6984,17285652,12525,660069,6981,17264028,12436,659921,6979,1532918024562]
07-30 08:09:00.609  1000  2741  2911 I netstats_wifi_sample: [17924841,13482,892348,7618,17922587,13423,785528,7612,17890111,13262,785380,7610,1532918341725]
07-30 08:09:00.622  1000  2741  2911 I netstats_wifi_sample: [17924841,13482,892348,7618,17922587,13423,785528,7612,17890111,13262,785380,7610,1532918341738]
07-30 08:09:01.443  1000  2741  2911 I netstats_wifi_sample: [17924841,13482,892348,7618,17922587,13423,785528,7612,17890111,13262,785380,7610,1532918342559]
07-30 08:09:11.921  1000  2741  2911 I netstats_wifi_sample: [17925929,13505,896466,7671,17923675,13446,788904,7665,17891199,13285,788756,7663,1532918353036]
07-30 08:09:11.944  1000  2741  2911 I netstats_wifi_sample: [17925929,13505,896466,7671,17923675,13446,788904,7665,17891199,13285,788756,7663,1532918353060]
07-30 08:09:25.230  1000  2741  2911 I netstats_wifi_sample: [17925929,13505,896466,7671,17923675,13446,788904,7665,17891199,13285,788756,7663,1532918366346]
07-30 08:09:25.264  1000  2741  2911 I netstats_wifi_sample: [17925929,13505,896466,7671,17923675,13446,788904,7665,17891199,13285,788756,7663,1532918366381]
07-30 08:09:31.085  1000  2741  2911 I netstats_wifi_sample: [17927233,13512,899142,7677,17924979,13453,791496,7671,17891231,13286,788756,7663,1532918372201]
07-30 08:09:31.547  1000  2741  2911 I netstats_wifi_sample: [17927233,13512,899142,7677,17924979,13453,791496,7671,17891231,13286,788756,7663,1532918372662]
07-30 08:17:34.417  1000  2741  2911 I netstats_wifi_sample: [20422827,16543,1199338,9717,20412049,16294,1062796,9699,20336342,15876,1060056,9691,1532918855534]
07-30 08:17:35.203  1000  2741  2911 I netstats_wifi_sample: [20422873,16544,1199338,9717,20412049,16294,1062796,9699,20336342,15876,1060056,9691,1532918856319]
07-30 08:17:35.219  1000  2741  2911 I netstats_wifi_sample: [20422873,16544,1199338,9717,20412049,16294,1062796,9699,20336342,15876,1060056,9691,1532918856335]
07-30 08:17:36.344  1000  2741  2911 I netstats_wifi_sample: [20423181,16546,1199404,9718,20412357,16296,1062848,9700,20336443,15877,1060108,9692,1532918857460]
07-30 08:19:19.559  1000  2741  2911 I netstats_wifi_sample: [20620496,16963,1244327,10065,20608728,16691,1102857,10045,20527003,16237,1100117,10037,1532918960675]
07-30 08:19:19.590  1000  2741  2911 I netstats_wifi_sample: [20620496,16963,1244327,10065,20608728,16691,1102857,10045,20527003,16237,1100117,10037,1532918960706]
07-30 08:19:25.229  1000  2741  2911 I netstats_wifi_sample: [20626814,16989,1248688,10083,20614908,16714,1106966,10063,20531104,16249,1101546,10048,1532918966345]
07-30 08:19:25.674  1000  2741  2911 I netstats_wifi_sample: [20626814,16989,1248688,10083,20614908,16714,1106966,10063,20531104,16249,1101546,10048,1532918966791]
07-30 08:33:20.177  1000  2741  2897 I netstats_wifi_sample: [36291386,31730,1981462,17987,36261064,31039,1728412,17943,36076645,30010,1722937,17927,1532919801293]
07-30 08:46:47.822  1000  2741  2911 I netstats_wifi_sample: [36391739,32174,2085568,18296,36359697,31437,1828052,18247,36166715,30352,1822632,18232,1532920608938]
07-30 08:46:48.560  1000  2741  2911 I netstats_wifi_sample: [36391974,32176,2085568,18296,36359904,31438,1828052,18247,36166715,30352,1822632,18232,1532920609676]
07-30 08:46:48.573  1000  2741  2911 I netstats_wifi_sample: [36391974,32176,2085568,18296,36359904,31438,1828052,18247,36166715,30352,1822632,18232,1532920609689]
07-30 08:46:50.059  1000  2741  2911 I netstats_wifi_sample: [36392114,32179,2085637,18297,36359970,31439,1828107,18248,36166781,30353,1822687,18233,1532920611175]
07-30 08:47:27.187  1000  2741  2911 I netstats_wifi_sample: [36398880,32253,2088124,18327,36365180,31469,1830146,18277,36168763,30364,1824726,18262,1532920648303]
07-30 08:47:27.213  1000  2741  2911 I netstats_wifi_sample: [36398880,32253,2088124,18327,36365180,31469,1830146,18277,36168763,30364,1824726,18262,1532920648329]
07-30 08:47:29.439  1000  2741  2911 I netstats_wifi_sample: [36399725,32261,2089016,18329,36365877,31473,1831010,18279,36168763,30364,1824726,18262,1532920650555]
07-30 08:47:29.839  1000  2741  2911 I netstats_wifi_sample: [36399725,32261,2089016,18329,36365877,31473,1831010,18279,36168763,30364,1824726,18262,1532920650955]
07-30 08:48:26.104  1000  2741  2911 I netstats_wifi_sample: [36403487,32296,2092189,18344,36369289,31500,1833945,18293,36170594,30382,1827661,18276,1532920707220]
07-30 08:48:27.017  1000  2741  2911 I netstats_wifi_sample: [36403487,32296,2092189,18344,36369289,31500,1833945,18293,36170594,30382,1827661,18276,1532920708133]
07-30 08:48:27.032  1000  2741  2911 I netstats_wifi_sample: [36403487,32296,2092189,18344,36369289,31500,1833945,18293,36170594,30382,1827661,18276,1532920708148]
07-30 08:49:10.823  1000  2741  2911 I netstats_wifi_sample: [36403551,32298,2092189,18344,36369353,31502,1833945,18293,36170658,30384,1827661,18276,1532920751939]
07-30 08:49:14.235  1000  2741  2911 I netstats_wifi_sample: [36403551,32298,2092189,18344,36369353,31502,1833945,18293,36170658,30384,1827661,18276,1532920755351]
07-30 08:49:14.259  1000  2741  2911 I netstats_wifi_sample: [36403551,32298,2092189,18344,36369353,31502,1833945,18293,36170658,30384,1827661,18276,1532920755376]
07-30 08:49:30.576  1000  2741  2911 I netstats_wifi_sample: [36403975,32300,2093081,18346,36369777,31504,1834809,18295,36170658,30384,1827661,18276,1532920771692]
07-30 08:49:30.962  1000  2741  2911 I netstats_wifi_sample: [36404007,32301,2093081,18346,36369809,31505,1834809,18295,36170690,30385,1827661,18276,1532920772079]
07-30 09:03:05.646  1000  2741  2897 I netstats_wifi_sample: [36434112,32413,2101276,18405,36399718,31610,1841982,18347,36196755,30462,1834834,18328,1532921586762]
07-30 09:08:11.343  1000  2741  2897 I netstats_wifi_sample: [57123000,47955,2420880,20803,57087726,47101,2128775,20752,56883514,45944,2120698,20720,1532921892460]
07-30 09:14:20.040  1000  2741  2897 I netstats_wifi_sample: [77374302,64089,3241664,27016,77335413,63137,2862890,26959,77122862,61974,2853644,26909,1532922261156]
07-30 09:16:19.886  1000  2741  2897 I netstats_wifi_sample: [97900833,79483,3830118,33941,97858267,78527,3354888,33888,97644986,77350,3344980,33828,1532922381003]
07-30 09:17:28.341  1000  2741  2911 I netstats_wifi_sample: [102012579,82638,3969555,35479,101975688,81685,3473015,35426,101769042,80511,3462953,35364,1532922449086]
07-30 09:17:29.116  1000  2741  2911 I netstats_wifi_sample: [102012579,82638,3969889,35481,101975688,81685,3473321,35428,101769042,80511,3463259,35366,1532922449861]
07-30 09:17:29.127  1000  2741  2911 I netstats_wifi_sample: [102012579,82638,3969889,35481,101975688,81685,3473321,35428,101769042,80511,3463259,35366,1532922449872]
07-30 09:17:31.619  1000  2741  2911 I netstats_wifi_sample: [103051563,83404,3988578,35713,103014761,82452,3488851,35661,102808115,81278,3478700,35598,1532922452364]
07-30 09:19:47.488  1000  2741  2897 I netstats_wifi_sample: [122510878,98037,4556175,41949,122463390,97074,3969499,41897,122233318,95883,3958477,41820,1532922588233]
07-30 09:20:04.766  1000  2741  2897 I netstats_wifi_sample: [143367589,113283,4901259,46360,143295372,112302,4252564,46303,143063922,111110,4241303,46222,1532922605511]
07-30 09:21:08.034  1000  2741  2911 I netstats_wifi_sample: [157194831,123463,5145667,49312,157158603,122506,4456252,49262,156951957,121332,4444955,49181,1532922668778]
07-30 09:21:08.049  1000  2741  2911 I netstats_wifi_sample: [157194831,123463,5145667,49312,157158603,122506,4456252,49262,156951957,121332,4444955,49181,1532922668794]
07-30 09:21:13.946  1000  2741  2911 I netstats_wifi_sample: [159338878,125037,5184348,49767,159302711,124080,4488624,49717,159094793,122900,4474646,49629,1532922674691]
07-30 09:21:14.308  1000  2741  2911 I netstats_wifi_sample: [159338878,125037,5184348,49767,159302711,124080,4488624,49717,159094793,122900,4474646,49629,1532922675053]
07-30 09:22:57.020  1000  2741  2897 I netstats_wifi_sample: [179806378,140054,5550945,54119,179766450,139096,4794666,54071,179554240,137912,4779970,53972,1532922777765]
07-30 09:25:42.615  1000  2741  2897 I netstats_wifi_sample: [200063599,155439,6437038,63390,200025627,154485,5551558,63346,199813417,153301,5536017,63234,1532922943359]
07-30 09:26:37.216  1000  2741  2897 I netstats_wifi_sample: [220406932,170720,7256048,73972,220366503,169768,6222723,73932,220139567,168568,6206674,73812,1532922997961]
07-30 09:28:45.024  1000  2741  2897 I netstats_wifi_sample: [240943921,186008,7862338,81666,240902566,185057,6721704,81628,240671496,183854,6705111,81500,1532923125769]
07-30 09:31:03.465  1000  2741  2897 I netstats_wifi_sample: [261678128,201310,8284413,86906,261638646,200361,7071005,86872,261413088,199162,7053543,86731,1532923264209]
07-30 09:33:21.177  1000  2741  2897 I netstats_wifi_sample: [272876996,209738,8708095,92295,272843304,208794,7419584,92263,272632904,207606,7401965,92120,1532923401922]
07-30 09:59:08.096  1000  2741  2911 I netstats_wifi_sample: [273058834,210154,8742864,92582,273024974,209203,7450195,92545,272807704,207966,7432488,92401,1532924948649]
07-30 09:59:08.905  1000  2741  2911 I netstats_wifi_sample: [273059371,210160,8743626,92588,273025511,209209,7450873,92551,272808241,207972,7433166,92407,1532924949458]
07-30 09:59:08.917  1000  2741  2911 I netstats_wifi_sample: [273059371,210160,8743626,92588,273025511,209209,7450873,92551,272808241,207972,7433166,92407,1532924949470]
07-30 09:59:10.207  1000  2741  2911 I netstats_wifi_sample: [273059987,210162,8743692,92589,273026127,209211,7450925,92552,272808857,207974,7433218,92408,1532924950760]
07-30 09:59:36.225  1000  2741  2911 I netstats_wifi_sample: [273061486,210165,8743866,92592,273027598,209213,7451029,92554,272810328,207976,7433322,92410,1532924976778]
07-30 09:59:36.272  1000  2741  2911 I netstats_wifi_sample: [273061486,210165,8743866,92592,273027598,209213,7451029,92554,272810328,207976,7433322,92410,1532924976825]
07-30 09:59:43.148  1000  2741  2911 I netstats_wifi_sample: [273061518,210166,8744670,92594,273027630,209214,7451805,92556,272810360,207977,7433322,92410,1532924983701]
07-30 09:59:53.425  1000  2741  2911 I netstats_wifi_sample: [273061518,210166,8744670,92594,273027630,209214,7451805,92556,272810360,207977,7433322,92410,1532924993978]
07-30 09:59:53.849  1000  2741  2911 I netstats_wifi_sample: [273061518,210166,8744670,92594,273027630,209214,7451805,92556,272810360,207977,7433322,92410,1532924994402]
07-30 10:02:16.238  1000  2741  2911 I netstats_wifi_sample: [273061518,210166,8744670,92594,273027630,209214,7451805,92556,272810360,207977,7433322,92410,1532925136791]
07-30 10:02:17.051  1000  2741  2911 I netstats_wifi_sample: [273061518,210166,8744670,92594,273027630,209214,7451805,92556,272810360,207977,7433322,92410,1532925137603]
07-30 10:02:17.067  1000  2741  2911 I netstats_wifi_sample: [273061518,210166,8744670,92594,273027630,209214,7451805,92556,272810360,207977,7433322,92410,1532925137620]
07-30 10:02:37.444  1000  2741  2911 I netstats_wifi_sample: [273061518,210166,8744670,92594,273027630,209214,7451805,92556,272810360,207977,7433322,92410,1532925158102]
07-30 10:03:20.774  1000  2741  2897 I netstats_wifi_sample: [273061518,210166,8744670,92594,273027630,209214,7451805,92556,272810360,207977,7433322,92410,1532925201162]
07-30 10:08:33.208  1000  2741  2911 I netstats_wifi_sample: [273061518,210166,8744670,92594,273027630,209214,7451805,92556,272810360,207977,7433322,92410,1532925513825]
07-30 10:08:33.229  1000  2741  2911 I netstats_wifi_sample: [273061518,210166,8744670,92594,273027630,209214,7451805,92556,272810360,207977,7433322,92410,1532925513846]
07-30 10:09:52.409  1000  2741  2911 I netstats_wifi_sample: [273068293,210184,8748873,92631,273034251,209229,7455434,92591,272816981,207992,7436951,92445,1532925592841]
07-30 10:10:13.786  1000  2741  2911 I netstats_wifi_sample: [273068293,210184,8748873,92631,273034251,209229,7455434,92591,272816981,207992,7436951,92445,1532925614338]
07-30 10:13:56.342  1000  2741  2911 I netstats_wifi_sample: [273068293,210184,8748873,92631,273034251,209229,7455434,92591,272816981,207992,7436951,92445,1532925836817]
07-30 10:13:56.364  1000  2741  2911 I netstats_wifi_sample: [273068293,210184,8748873,92631,273034251,209229,7455434,92591,272816981,207992,7436951,92445,1532925836838]
07-30 10:15:49.057  1000  2741  2911 I netstats_wifi_sample: [273169818,210720,8823243,92916,273133554,209731,7525538,92872,272894308,208322,7507055,92726,1532925949449]
07-30 10:15:50.012  1000  2741  2911 I netstats_wifi_sample: [273169818,210720,8823243,92916,273133554,209731,7525538,92872,272894308,208322,7507055,92726,1532925950404]
07-30 10:15:50.134  1000  2741  2911 I netstats_wifi_sample: [273169818,210720,8823243,92916,273133554,209731,7525538,92872,272894308,208322,7507055,92726,1532925950526]
07-30 10:15:51.205  1000  2741  2911 I netstats_wifi_sample: [273172953,210761,8826534,92940,273136409,209766,7530077,92898,272896362,208345,7511594,92752,1532925951597]
07-30 10:33:06.541  1000  2741  2897 I netstats_wifi_sample: [277585995,221459,9320995,96140,277515964,219731,7979294,96106,276783827,213813,7958867,95933,1532926986933]
07-30 10:37:10.311  1000  2741  2911 I netstats_wifi_sample: [277777924,222900,9337138,96233,277700880,221028,7993947,96195,276844778,214219,7973376,96020,1532927230703]
07-30 10:37:12.275  1000  2741  2911 I netstats_wifi_sample: [277777924,222900,9337138,96233,277700880,221028,7993947,96195,276844778,214219,7973376,96020,1532927232665]
07-30 10:37:12.324  1000  2741  2911 I netstats_wifi_sample: [277777924,222900,9337138,96233,277700880,221028,7993947,96195,276844778,214219,7973376,96020,1532927232715]
07-30 10:37:13.815  1000  2741  2911 I netstats_wifi_sample: [277803186,222964,9347231,96302,277726028,221090,8003046,96263,276869495,214279,7982475,96088,1532927234207]
07-30 10:42:33.169  1000  2741  2911 I netstats_wifi_sample: [278547190,224743,9469087,97065,278465165,222792,8113420,97015,277440126,215226,8092849,96840,1532927553558]
07-30 10:49:34.191  1000  2741  2911 I netstats_wifi_sample: [278547190,224743,9469087,97065,278465165,222792,8113420,97015,277440126,215226,8092849,96840,1532927974211]
07-30 10:49:34.214  1000  2741  2911 I netstats_wifi_sample: [278547190,224743,9469087,97065,278465165,222792,8113420,97015,277440126,215226,8092849,96840,1532927974231]
07-30 10:50:59.536  1000  2741  2911 I netstats_wifi_sample: [278629706,224892,9493639,97210,278547635,222940,8135974,97160,277522596,215374,8115403,96985,1532928059556]
07-30 10:52:16.651  1000  2741  2911 I netstats_wifi_sample: [278629706,224892,9493639,97210,278547635,222940,8135974,97160,277522596,215374,8115403,96985,1532928137606]
07-30 10:52:16.688  1000  2741  2911 I netstats_wifi_sample: [278629706,224892,9493639,97210,278547635,222940,8135974,97160,277522596,215374,8115403,96985,1532928137644]
07-30 10:52:17.553  1000  2741  2911 I netstats_wifi_sample: [278630907,224906,9496227,97230,278548722,222952,8138254,97179,277523683,215386,8117683,97004,1532928138507]
07-30 10:53:36.762  1000  2741  2911 I netstats_wifi_sample: [279562390,226046,9637972,98214,279480137,224091,8266507,98165,278455098,216525,8245936,97990,1532928217713]
07-30 10:54:05.588  1000  2741  2911 I netstats_wifi_sample: [279562390,226046,9637972,98214,279480137,224091,8266507,98165,278455098,216525,8245936,97990,1532928246543]
07-30 10:54:05.606  1000  2741  2911 I netstats_wifi_sample: [279562390,226046,9637972,98214,279480137,224091,8266507,98165,278455098,216525,8245936,97990,1532928246561]
07-30 10:54:07.099  1000  2741  2911 I netstats_wifi_sample: [279570070,226090,9646817,98273,279487697,224133,8274498,98223,278462658,216567,8253541,98046,1532928248054]
07-30 11:03:20.766  1000  2741  2897 I netstats_wifi_sample: [279688195,226419,9701984,98574,279605632,224457,8325312,98520,278580593,216891,8304741,98345,1532928801159]
07-30 11:12:17.847  1000  2741  2911 I netstats_wifi_sample: [280084016,227051,9996511,99201,279999912,225073,8610331,99135,278974873,217507,8589760,98960,1532929338399]
07-30 11:12:19.815  1000  2741  2911 I netstats_wifi_sample: [280084016,227051,9996511,99201,279999912,225073,8610331,99135,278974873,217507,8589760,98960,1532929340368]
07-30 11:12:19.858  1000  2741  2911 I netstats_wifi_sample: [280084016,227051,9996511,99201,279999912,225073,8610331,99135,278974873,217507,8589760,98960,1532929340411]
07-30 11:12:20.482  1000  2741  2911 I netstats_wifi_sample: [280085392,227067,9999347,99223,280001192,225087,8612769,99155,278976153,217521,8592122,98979,1532929341029]
07-30 11:33:44.192  1000  2741  2897 I netstats_wifi_sample: [281858409,235811,10131362,100086,281737870,233048,8732484,100009,279752871,220132,8711913,99834,1532930625028]
07-30 11:37:03.332  1000  2741  2911 I netstats_wifi_sample: [282267080,238494,10148416,100196,282133749,235453,8747886,100115,279845675,220713,8727315,99940,1532930823811]
07-30 11:37:05.539  1000  2741  2911 I netstats_wifi_sample: [282267080,238494,10148416,100196,282133749,235453,8747886,100115,279845675,220713,8727315,99940,1532930826018]
07-30 11:37:05.557  1000  2741  2911 I netstats_wifi_sample: [282267080,238494,10148416,100196,282133749,235453,8747886,100115,279845675,220713,8727391,99941,1532930826036]
07-30 11:37:05.596  1000  2741  2911 I netstats_wifi_sample: [282267080,238494,10148458,100197,282133749,235453,8747961,100116,279845675,220713,8727391,99941,1532930826075]
07-30 11:50:25.542  1000  2741  2911 I netstats_wifi_sample: [284884721,252937,10263665,101067,284675202,248227,8850525,100977,280790844,224709,8830030,100803,1532931625777]
07-30 11:50:28.949  1000  2741  2911 I netstats_wifi_sample: [284884721,252937,10263665,101067,284675202,248227,8850525,100977,280790844,224709,8830030,100803,1532931629183]
07-30 11:50:28.973  1000  2741  2911 I netstats_wifi_sample: [284884721,252937,10263665,101067,284675202,248227,8850525,100977,280790844,224709,8830030,100803,1532931629206]
07-30 11:50:29.652  1000  2741  2911 I netstats_wifi_sample: [284885603,252948,10266395,101085,284675970,248236,8852899,100993,280791612,224718,8832404,100819,1532931629886]
07-30 11:51:20.529  1000  2741  2911 I netstats_wifi_sample: [284977904,253462,10298609,101296,284765194,248708,8881286,101192,280837722,224972,8860791,101018,1532931680746]
07-30 11:57:45.446  1000  2741  2911 I netstats_wifi_sample: [284977904,253462,10298609,101296,284765194,248708,8881286,101192,280837722,224972,8860791,101018,1532932066382]
07-30 11:57:45.478  1000  2741  2911 I netstats_wifi_sample: [284977904,253462,10298609,101296,284765194,248708,8881286,101192,280837722,224972,8860791,101018,1532932066415]
07-30 11:58:05.451  1000  2741  2911 I netstats_wifi_sample: [285034998,253944,10314003,101396,284820204,249144,8895252,101291,280868763,225182,8874757,101117,1532932086388]
07-30 11:59:05.881  1000  2741  2911 I netstats_wifi_sample: [285034998,253944,10314003,101396,284820204,249144,8895252,101291,280868763,225182,8874757,101117,1532932146400]
07-30 11:59:05.920  1000  2741  2911 I netstats_wifi_sample: [285034998,253944,10314003,101396,284820204,249144,8895252,101291,280868763,225182,8874757,101117,1532932146439]
07-30 11:59:17.875  1000  2741  2911 I netstats_wifi_sample: [285034998,253944,10314003,101396,284820204,249144,8895252,101291,280868763,225182,8874757,101117,1532932158395]
07-30 11:59:17.913  1000  2741  2911 I netstats_wifi_sample: [285034998,253944,10314003,101396,284820204,249144,8895252,101291,280868763,225182,8874757,101117,1532932158432]
07-30 12:03:05.849  1000  2741  2897 I netstats_wifi_sample: [285034998,253944,10314003,101396,284820204,249144,8895252,101291,280868763,225182,8874757,101117,1532932386048]
07-30 12:04:25.745  1000  2741  2911 I netstats_wifi_sample: [285034998,253944,10314003,101396,284820204,249144,8895252,101291,280868763,225182,8874757,101117,1532932465944]
07-30 12:04:25.764  1000  2741  2911 I netstats_wifi_sample: [285034998,253944,10314003,101396,284820204,249144,8895252,101291,280868763,225182,8874757,101117,1532932465963]
07-30 12:04:56.018  1000  2741  2911 I netstats_wifi_sample: [285034998,253944,10314003,101396,284820204,249144,8895252,101291,280868763,225182,8874757,101117,1532932496015]
07-30 12:04:56.044  1000  2741  2911 I netstats_wifi_sample: [285034998,253944,10314003,101396,284820204,249144,8895252,101291,280868763,225182,8874757,101117,1532932496041]
07-30 12:04:56.103  1000  2741  2911 I netstats_wifi_sample: [285034998,253944,10314045,101397,284820204,249144,8895387,101293,280868763,225182,8874892,101119,1532932496101]
07-30 12:05:01.101  1000  2741  2911 I netstats_wifi_sample: [285034998,253944,10314045,101397,284820204,249144,8895387,101293,280868763,225182,8874892,101119,1532932501099]
07-30 12:05:01.157  1000  2741  2911 I netstats_wifi_sample: [285035090,253946,10314045,101397,284820244,249145,8895387,101293,280868763,225182,8874892,101119,1532932501154]
07-30 12:05:01.482  1000  2741  2911 I netstats_wifi_sample: [285035379,253950,10314398,101402,284820487,249148,8895642,101297,280868930,225184,8875147,101123,1532932501479]
07-30 12:05:01.504  1000  2741  2911 I netstats_wifi_sample: [285035379,253950,10314398,101402,284820487,249148,8895642,101297,280868930,225184,8875147,101123,1532932501501]
07-30 12:05:38.959  1000  2741  2911 I netstats_wifi_sample: [285093192,254364,10455642,101631,284875696,249506,9033652,101525,280913800,225432,9013157,101351,1532932539876]
07-30 12:06:27.511  1000  2741  2911 I netstats_wifi_sample: [285093192,254364,10455642,101631,284875696,249506,9033652,101525,280913800,225432,9013157,101351,1532932587990]
07-30 12:06:27.546  1000  2741  2911 I netstats_wifi_sample: [285093192,254364,10455642,101631,284875696,249506,9033652,101525,280913800,225432,9013157,101351,1532932588025]
07-30 12:06:28.849  1000  2741  2911 I netstats_wifi_sample: [285093954,254368,10457499,101646,284876410,249509,9035271,101539,280914514,225435,9014700,101364,1532932589327]
07-30 12:06:57.142  1000  2741  2911 I netstats_wifi_sample: [285095345,254373,10459425,101661,284877783,249514,9036987,101554,280915887,225440,9016492,101380,1532932617739]
07-30 12:08:08.122  1000  2741  2911 I netstats_wifi_sample: [285095345,254373,10459425,101661,284877783,249514,9036987,101554,280915887,225440,9016492,101380,1532932688786]
07-30 12:08:08.139  1000  2741  2911 I netstats_wifi_sample: [285095345,254373,10459425,101661,284877783,249514,9036987,101554,280915887,225440,9016492,101380,1532932688803]
07-30 12:08:09.411  1000  2741  2911 I netstats_wifi_sample: [285110332,254431,10473078,101730,284892638,249570,9049646,101622,280930742,225496,9029075,101447,1532932690075]
07-30 12:08:29.884  1000  2741  2911 I netstats_wifi_sample: [285114607,254446,10474594,101750,284896913,249585,9050882,101642,280935017,225511,9030387,101468,1532932710121]
07-30 12:09:22.849  1000  2741  2911 I netstats_wifi_sample: [285114607,254446,10474594,101750,284896913,249585,9050882,101642,280935017,225511,9030387,101468,1532932763087]
07-30 12:09:22.898  1000  2741  2911 I netstats_wifi_sample: [285114799,254448,10474594,101750,284896913,249585,9050882,101642,280935017,225511,9030387,101468,1532932763136]
07-30 12:12:29.630  1000  2741  2911 I netstats_wifi_sample: [285690263,255717,10556444,102376,285470027,250803,9124255,102272,281459493,226349,9103760,102098,1532932950390]
07-30 12:12:32.092  1000  2741  2911 I netstats_wifi_sample: [285690263,255717,10556444,102376,285470027,250803,9124255,102272,281459493,226349,9103760,102098,1532932952092]
07-30 12:12:32.111  1000  2741  2911 I netstats_wifi_sample: [285690263,255717,10556444,102376,285470027,250803,9124255,102272,281459493,226349,9103760,102098,1532932952111]
07-30 12:12:33.046  1000  2741  2911 I netstats_wifi_sample: [285698820,255769,10566644,102429,285478470,250853,9133685,102324,281466656,226392,9113138,102149,1532932953046]
07-30 12:12:53.250  1000  2741  2911 I netstats_wifi_sample: [285885366,256302,10602024,102661,285663518,251354,9166775,102560,281620229,226693,9146280,102386,1532932973249]
07-30 12:12:55.854  1000  2741  2911 I netstats_wifi_sample: [285885366,256302,10602024,102661,285663518,251354,9166775,102560,281620229,226693,9146280,102386,1532932975893]
07-30 12:12:55.879  1000  2741  2911 I netstats_wifi_sample: [285885366,256302,10602024,102661,285663518,251354,9166775,102560,281620229,226693,9146280,102386,1532932975918]
07-30 12:12:56.573  1000  2741  2911 I netstats_wifi_sample: [285887340,256315,10603225,102674,285665332,251364,9167766,102572,281621339,226702,9147195,102397,1532932976612]
07-30 12:14:26.638  1000  2741  2911 I netstats_wifi_sample: [286122361,257285,10663942,103100,285895557,252231,9222519,102998,281819534,227281,9202024,102824,1532933066834]
07-30 12:14:31.025  1000  2741  2911 I netstats_wifi_sample: [286122361,257285,10663942,103100,285895557,252231,9222519,102998,281819534,227281,9202024,102824,1532933071221]
07-30 12:14:32.331  1000  2741  2911 I netstats_wifi_sample: [286122361,257285,10663942,103100,285895557,252231,9222519,102998,281819534,227281,9202024,102824,1532933072527]
07-30 12:14:32.351  1000  2741  2911 I netstats_wifi_sample: [286122361,257285,10663942,103100,285895557,252231,9222519,102998,281819534,227281,9202024,102824,1532933072547]
07-30 12:14:33.226  1000  2741  2911 I netstats_wifi_sample: [286126134,257325,10668628,103136,285898894,252262,9226673,103033,281821853,227307,9205856,102856,1532933073422]
07-30 12:17:43.598  1000  2741  2911 I netstats_wifi_sample: [286533628,258426,10786019,103832,286303547,253308,9334208,103725,282207285,228143,9313713,103551,1532933264516]
07-30 12:17:46.223  1000  2741  2911 I netstats_wifi_sample: [286533628,258426,10786019,103832,286303547,253308,9334208,103725,282207285,228143,9313713,103551,1532933267140]
07-30 12:17:46.246  1000  2741  2911 I netstats_wifi_sample: [286533628,258426,10786019,103832,286303547,253308,9334208,103725,282207285,228143,9313713,103551,1532933267164]
07-30 12:17:47.174  1000  2741  2911 I netstats_wifi_sample: [286539450,258455,10794397,103877,286309305,253336,9341928,103769,282213043,228171,9321433,103595,1532933268092]
07-30 12:19:05.323  1000  2741  2911 I netstats_wifi_sample: [286576574,258573,10812180,104000,286346385,253453,9357989,103892,282250123,228288,9337494,103718,1532933346001]
07-30 12:19:34.153  1000  2741  2911 I netstats_wifi_sample: [286576574,258573,10812180,104000,286346385,253453,9357989,103892,282250123,228288,9337494,103718,1532933374831]
07-30 12:19:34.188  1000  2741  2911 I netstats_wifi_sample: [286576574,258573,10812180,104000,286346385,253453,9357989,103892,282250123,228288,9337494,103718,1532933374867]
07-30 12:19:35.140  1000  2741  2911 I netstats_wifi_sample: [286582463,258604,10817867,104045,286352160,253482,9363018,103936,282255898,228317,9342523,103762,1532933375820]
07-30 12:33:20.747  1000  2741  2897 I netstats_wifi_sample: [292980058,268728,11151142,107235,292708257,262713,9651353,107116,288236063,234791,9630858,106942,1532934201267]
07-30 12:33:57.266  1000  2741  2911 I netstats_wifi_sample: [292980564,268737,11151810,107244,292708699,262721,9651867,107124,288236505,234799,9631372,106950,1532934237705]
07-30 12:34:15.117  1000  2741  2911 I netstats_wifi_sample: [292980564,268737,11151810,107244,292708699,262721,9651867,107124,288236505,234799,9631372,106950,1532934255154]
07-30 12:34:15.149  1000  2741  2911 I netstats_wifi_sample: [292983446,268743,11151810,107244,292708699,262721,9651867,107124,288236505,234799,9631372,106950,1532934255187]
07-30 12:34:16.063  1000  2741  2911 I netstats_wifi_sample: [292992628,268798,11160536,107295,292720305,262773,9659851,107174,288242009,234832,9639356,107000,1532934256383]
07-30 12:35:27.220  1000  2741  2911 I netstats_wifi_sample: [293132197,269497,11181371,107401,292855093,263383,9680961,107285,288273902,235015,9660166,107105,1532934327340]
07-30 12:35:29.137  1000  2741  2911 I netstats_wifi_sample: [293132197,269497,11181371,107401,292855093,263383,9680961,107285,288273902,235015,9660166,107105,1532934329256]
07-30 12:35:29.157  1000  2741  2911 I netstats_wifi_sample: [293132197,269497,11181371,107401,292855093,263383,9680961,107285,288273902,235015,9660166,107105,1532934329277]
07-30 12:35:30.078  1000  2741  2911 I netstats_wifi_sample: [293135264,269537,11184119,107425,292857816,263416,9683269,107307,288276070,235041,9662474,107127,1532934330198]
07-30 13:04:15.003  1000  2741  2897 I netstats_wifi_sample: [297114428,275285,11707190,110527,296822116,268863,10162488,110398,292052485,239281,10141693,110218,1532936055562]
07-30 13:10:33.932  1000  2741  2911 I netstats_wifi_sample: [297333492,276472,11772203,110720,297035944,269953,10224411,110583,292116953,239643,10203616,110403,1532936434491]
07-30 13:10:37.706  1000  2741  2911 I netstats_wifi_sample: [297333492,276472,11772203,110720,297035944,269953,10224411,110583,292116953,239643,10203616,110403,1532936438255]
07-30 13:10:37.740  1000  2741  2911 I netstats_wifi_sample: [297333492,276472,11772203,110720,297035944,269953,10224411,110583,292116953,239643,10203616,110403,1532936438298]
07-30 13:10:39.214  1000  2741  2911 I netstats_wifi_sample: [297345584,276524,11783486,110782,297047922,270003,10234722,110643,292128931,239693,10213927,110463,1532936439773]
07-30 13:11:18.758  1000  2741  2911 I netstats_wifi_sample: [297355315,276582,11792511,110846,297056605,270052,10242403,110701,292137614,239742,10221608,110521,1532936479199]
07-30 13:11:20.926  1000  2741  2911 I netstats_wifi_sample: [297355315,276582,11792511,110846,297056605,270052,10242403,110701,292137614,239742,10221608,110521,1532936481368]
07-30 13:11:20.955  1000  2741  2911 I netstats_wifi_sample: [297355315,276582,11792511,110846,297056605,270052,10242403,110701,292137614,239742,10221672,110522,1532936481396]
07-30 13:11:21.965  1000  2741  2911 I netstats_wifi_sample: [297356735,276583,11793035,110852,297058025,270053,10242962,110708,292139034,239743,10222155,110528,1532936482407]
07-30 13:11:37.733  1000  2741  2911 I netstats_wifi_sample: [297383298,276749,11802537,110919,297084060,270208,10251323,110771,292149562,239813,10230592,110592,1532936498215]
07-30 13:11:39.198  1000  2741  2911 I netstats_wifi_sample: [297383298,276749,11802537,110919,297084060,270208,10251323,110771,292149562,239813,10230592,110592,1532936499680]
07-30 13:11:39.225  1000  2741  2911 I netstats_wifi_sample: [297383298,276749,11802537,110919,297085460,270210,10251323,110771,292150962,239815,10230592,110592,1532936499705]
07-30 13:11:40.154  1000  2741  2911 I netstats_wifi_sample: [297388845,276786,11806732,110950,297090847,270244,10254980,110800,292154228,239839,10234249,110621,1532936500636]
07-30 13:12:33.258  1000  2741  2911 I netstats_wifi_sample: [297713557,278067,11823184,111110,297409475,271397,10269020,110958,292324844,240253,10248289,110779,1532936553938]
07-30 13:13:22.538  1000  2741  2911 I netstats_wifi_sample: [297713557,278067,11823184,111110,297409475,271397,10269020,110958,292324844,240253,10248289,110779,1532936603219]
07-30 13:13:22.573  1000  2741  2911 I netstats_wifi_sample: [297713557,278067,11823184,111110,297409475,271397,10269020,110958,292324844,240253,10248289,110779,1532936603254]
07-30 13:19:09.612  1000  2741  2911 I netstats_wifi_sample: [297713557,278067,11823184,111110,297409475,271397,10269020,110958,292324844,240253,10248289,110779,1532936950293]
07-30 13:19:09.654  1000  2741  2911 I netstats_wifi_sample: [297713557,278067,11823184,111110,297409475,271397,10269020,110958,292324844,240253,10248289,110779,1532936950335]
07-30 13:32:53.820  1000  2741  2897 I netstats_wifi_sample: [297713557,278067,11823184,111110,297409475,271397,10269020,110958,292324844,240253,10248289,110779,1532937774533]
07-30 13:41:08.159  1000  2741  2911 I netstats_wifi_sample: [297713557,278067,11823184,111110,297409475,271397,10269020,110958,292324844,240253,10248289,110779,1532938268718]
07-30 13:41:08.181  1000  2741  2911 I netstats_wifi_sample: [297713557,278067,11823184,111110,297409475,271397,10269020,110958,292324844,240253,10248289,110779,1532938268743]
07-30 13:41:23.322  1000  2741  2911 I netstats_wifi_sample: [297713740,278070,11824865,111125,297409610,271399,10270463,110972,292324979,240255,10249732,110793,1532938283528]
07-30 13:42:01.209  1000  2741  2911 I netstats_wifi_sample: [297713740,278070,11824865,111125,297409610,271399,10270463,110972,292324979,240255,10249732,110793,1532938321650]
07-30 13:42:01.236  1000  2741  2911 I netstats_wifi_sample: [297713740,278070,11824865,111125,297409610,271399,10270463,110972,292324979,240255,10249732,110793,1532938321677]
07-30 13:42:12.984  1000  2741  2911 I netstats_wifi_sample: [297716988,278091,11826352,111143,297412788,271419,10271670,110989,292327394,240264,10250939,110810,1532938333425]
07-30 13:42:13.023  1000  2741  2911 I netstats_wifi_sample: [297716988,278091,11826352,111143,297412788,271419,10271670,110989,292327394,240264,10250939,110810,1532938333464]
07-30 13:42:21.102  1000  2741  2911 I netstats_wifi_sample: [297717305,278095,11826464,111145,297413017,271421,10271726,110990,292327394,240264,10250995,110811,1532938341543]
07-30 13:42:35.444  1000  2741  2911 I netstats_wifi_sample: [297717305,278095,11826464,111145,297413017,271421,10271726,110990,292327394,240264,10250995,110811,1532938355885]
07-30 13:43:09.991  1000  2741  2911 I netstats_wifi_sample: [297717305,278095,11826464,111145,297413017,271421,10271726,110990,292327394,240264,10250995,110811,1532938390432]
07-30 13:50:48.387  1000  2741  2911 I netstats_wifi_sample: [297717305,278095,11826464,111145,297413017,271421,10271726,110990,292327394,240264,10250995,110811,1532938848828]
07-30 13:50:48.415  1000  2741  2911 I netstats_wifi_sample: [297717305,278095,11826464,111145,297413017,271421,10271726,110990,292327394,240264,10250995,110811,1532938848856]
07-30 14:03:44.755  1000  2741  2897 I netstats_wifi_sample: [297717305,278095,11826464,111145,297413017,271421,10271726,110990,292327394,240264,10250995,110811,1532939625554]
07-30 14:16:19.133  1000  2741  2911 I netstats_wifi_sample: [297717305,278095,11826464,111145,297413017,271421,10271726,110990,292327394,240264,10250995,110811,1532940379575]
07-30 14:16:19.152  1000  2741  2911 I netstats_wifi_sample: [297717305,278095,11826464,111145,297413017,271421,10271726,110990,292327394,240264,10250995,110811,1532940379594]
07-30 14:23:45.847  1000  2741  2911 I netstats_wifi_sample: [298234704,278813,11982787,111844,297929396,272127,10417819,111679,292843773,240970,10397088,111500,1532940826529]
07-30 14:24:11.253  1000  2741  2911 I netstats_wifi_sample: [298234704,278813,11982787,111844,297929396,272127,10417819,111679,292843773,240970,10397088,111500,1532940851375]
07-30 14:24:11.327  1000  2741  2911 I netstats_wifi_sample: [298234704,278813,11982787,111844,297929396,272127,10417819,111679,292843773,240970,10397088,111500,1532940851451]
07-30 14:32:25.336  1000  2741  2911 I netstats_wifi_sample: [298385269,279449,12020653,112126,298077107,272700,10451569,111955,292954479,241296,10430838,111776,1532941346292]
07-30 14:32:49.041  1000  2741  2911 I netstats_wifi_sample: [298385269,279449,12020653,112126,298077107,272700,10451569,111955,292954479,241296,10430838,111776,1532941369765]
07-30 14:32:49.062  1000  2741  2911 I netstats_wifi_sample: [298385269,279449,12020653,112126,298077107,272700,10451569,111955,292954479,241296,10430838,111776,1532941369786]
07-30 14:32:50.216  1000  2741  2911 I netstats_wifi_sample: [298385269,279449,12021125,112132,298077107,272700,10452036,111961,292954479,241296,10431229,111781,1532941370940]
07-30 14:32:52.774  1000  2741  2897 I netstats_wifi_sample: [298385744,279457,12022328,112144,298077422,272705,10452936,111971,292954734,241300,10432153,111791,1532941373498]
07-30 14:34:29.502  1000  2741  2911 I netstats_wifi_sample: [298408033,279588,12042123,112311,298099657,272836,10470450,112139,292977029,241432,10449719,111960,1532941470226]
07-30 14:35:36.507  1000  2741  2911 I netstats_wifi_sample: [298408033,279588,12042123,112311,298099657,272836,10470450,112139,292977029,241432,10449719,111960,1532941537230]
07-30 14:35:36.531  1000  2741  2911 I netstats_wifi_sample: [298408033,279588,12042123,112311,298099657,272836,10470450,112139,292977029,241432,10449719,111960,1532941537255]
07-30 14:35:38.439  1000  2741  2911 I netstats_wifi_sample: [298409805,279609,12046813,112342,298101315,272855,10474678,112169,292978687,241451,10453947,111990,1532941538681]
07-30 15:03:46.501  1000  2741  2897 I netstats_wifi_sample: [314960467,294339,12585315,119215,314638468,287312,10916458,119030,308985536,253781,10895727,118851,1532943227345]
07-30 15:27:32.644  1000  2741  2897 I netstats_wifi_sample: [323540756,311326,13678433,126177,323172487,303344,11911996,125988,316264438,263405,11891265,125809,1532944653324]
07-30 15:27:38.569  1000  2741  2897 I netstats_wifi_sample: [323565977,311515,13682024,126199,323194810,303470,11915279,126010,316273450,263447,11894548,125831,1532944659249]
07-30 15:30:16.863  1000  2741  2911 I netstats_wifi_sample: [324785123,315054,13903869,127402,324397859,306666,12120198,127210,317153443,265146,12099467,127031,1532944817543]
07-30 15:31:14.307  1000  2741  2911 I netstats_wifi_sample: [324785123,315054,13903869,127402,324397859,306666,12120198,127210,317153443,265146,12099467,127031,1532944874986]
07-30 15:31:14.341  1000  2741  2911 I netstats_wifi_sample: [324785123,315054,13903869,127402,324397859,306666,12120198,127210,317153443,265146,12099467,127031,1532944875020]
07-30 15:31:24.690  1000  2741  2911 I netstats_wifi_sample: [324875103,315241,13934357,127594,324486894,306846,12147601,127397,317241910,265324,12126870,127218,1532944885371]
07-30 15:31:25.455  1000  2741  2911 I netstats_wifi_sample: [324875103,315241,13934357,127594,324486894,306846,12147601,127397,317241910,265324,12126870,127218,1532944886135]
07-30 15:31:25.478  1000  2741  2911 I netstats_wifi_sample: [324876181,315246,13934487,127595,324487972,306851,12147717,127398,317242066,265326,12126870,127218,1532944886158]
07-30 15:31:26.542  1000  2741  2911 I netstats_wifi_sample: [324880396,315274,13935038,127601,324491999,306875,12148108,127403,317242200,265328,12127377,127224,1532944887220]
07-30 15:33:07.384  1000  2741  2897 I netstats_wifi_sample: [341498678,330474,14466554,134510,341097121,321783,12582890,134310,333349941,277592,12562159,134131,1532944988062]
07-30 15:33:29.737  1000  2741  2911 I netstats_wifi_sample: [342027372,331318,14481073,134709,341624683,322603,12594793,134512,333829565,278075,12574062,134333,1532945010414]
07-30 15:33:33.630  1000  2741  2911 I netstats_wifi_sample: [342027372,331318,14481073,134709,341624683,322603,12594793,134512,333829565,278075,12574062,134333,1532945014310]
07-30 15:33:33.653  1000  2741  2911 I netstats_wifi_sample: [342027372,331318,14481073,134709,341624683,322603,12594793,134512,333829565,278075,12574062,134333,1532945014334]
07-30 15:33:49.654  1000  2741  2911 I netstats_wifi_sample: [342358049,331804,14513802,135012,341953744,323054,12623680,134822,334130286,278395,12602493,134634,1532945030334]
07-30 15:34:53.083  1000  2741  2911 I netstats_wifi_sample: [342358049,331804,14513802,135012,341953744,323054,12623680,134822,334130286,278395,12602493,134634,1532945093458]
07-30 15:34:53.129  1000  2741  2911 I netstats_wifi_sample: [342358049,331804,14513802,135012,341953744,323054,12623680,134822,334130286,278395,12602493,134634,1532945093504]
07-30 15:34:54.593  1000  2741  2911 I netstats_wifi_sample: [342365381,331886,14517127,135041,341959012,323092,12626495,134849,334132908,278420,12605308,134661,1532945094967]
07-30 15:41:40.984  1000  2741  2897 I netstats_wifi_sample: [351656219,342094,14843456,139082,351226167,332791,12896242,138888,342999721,285790,12875055,138700,1532945501231]
07-30 15:43:44.322  1000  2741  2897 I netstats_wifi_sample: [363787261,354676,15234722,144323,363326543,344704,13214769,144136,354479819,295019,13192863,143938,1532945624568]
07-30 15:49:22.509  1000  2741  2897 I netstats_wifi_sample: [384350003,376805,16589838,154983,383837493,365756,14421897,154812,374253201,312306,14398234,154590,1532945962754]
07-30 15:50:02.220  1000  2741  2911 I netstats_wifi_sample: [385749237,378703,16653252,155663,385232139,367554,14475759,155490,375561174,313473,14452148,155269,1532946002466]
07-30 15:50:03.812  1000  2741  2911 I netstats_wifi_sample: [385749237,378703,16653252,155663,385232139,367554,14475759,155490,375561174,313473,14452148,155269,1532946004059]
07-30 15:50:03.839  1000  2741  2911 I netstats_wifi_sample: [385749237,378703,16653252,155663,385232139,367554,14475759,155490,375561174,313473,14452148,155269,1532946004085]
07-30 15:50:04.905  1000  2741  2911 I netstats_wifi_sample: [385781439,378812,16667944,155756,385264043,367657,14489121,155582,375591022,313557,14465298,155359,1532946005352]
07-30 15:51:44.259  1000  2741  2897 I netstats_wifi_sample: [406568112,396479,17355343,164770,406036128,385006,15050240,164593,395989989,328935,15026265,164365,1532946104705]
07-30 15:54:57.384  1000  2741  2897 I netstats_wifi_sample: [427704204,417401,18262316,173907,427145252,405342,15829267,173729,416215629,344963,15804772,173491,1532946297831]
07-30 15:55:38.378  1000  2741  2911 I netstats_wifi_sample: [433571640,422436,18502854,176509,433008420,410289,16033377,176329,422038864,349389,16009766,176108,1532946338825]
07-30 15:55:52.890  1000  2741  2911 I netstats_wifi_sample: [433571640,422436,18502854,176509,433008420,410289,16033377,176329,422038864,349389,16009766,176108,1532946353333]
07-30 15:55:52.917  1000  2741  2911 I netstats_wifi_sample: [433571640,422436,18502854,176509,433008420,410289,16033377,176329,422038864,349389,16009766,176108,1532946353364]
07-30 15:55:54.129  1000  2741  2911 I netstats_wifi_sample: [433572944,422450,18505619,176525,433009518,410299,16035890,176344,422039179,349394,16012203,176122,1532946354575]
07-30 15:58:12.103  1000  2741  2911 I netstats_wifi_sample: [446161158,434319,18989692,182366,445582416,421840,16438293,182187,434276494,359022,16414682,181966,1532946493121]
07-30 16:03:04.835  1000  2741  2897 I netstats_wifi_sample: [446161158,434319,18989692,182366,445582416,421840,16438293,182187,434276494,359022,16414682,181966,1532946785003]
07-30 16:14:47.611  1000  2741  2911 I netstats_wifi_sample: [446161158,434319,18989692,182366,445582416,421840,16438293,182187,434276494,359022,16414682,181966,1532947488541]
07-30 16:14:47.633  1000  2741  2911 I netstats_wifi_sample: [446161158,434319,18989692,182366,445582416,421840,16438293,182187,434276494,359022,16414682,181966,1532947488563]
07-30 16:14:56.758  1000  2741  2911 I netstats_wifi_sample: [446161158,434319,18989692,182366,445582416,421840,16438293,182187,434276494,359022,16414682,181966,1532947497687]
07-30 16:14:56.782  1000  2741  2911 I netstats_wifi_sample: [446161158,434319,18989692,182366,445582416,421840,16438293,182187,434276494,359022,16414682,181966,1532947497711]
07-30 16:33:04.876  1000  2741  2897 I netstats_wifi_sample: [446161158,434319,18989692,182366,445582416,421840,16438293,182187,434276494,359022,16414682,181966,1532948585045]
