07-30 08:47:00.412  root  2314  2567 I storaged_disk_stats: [stalled,1756025,1816027,84,72,3488,1950,548,381,13536,8320,0,2420,10270]
07-30 09:12:32.924  root  2314  2567 I storaged_disk_stats: [stalled,2476045,2536047,235,1,9784,3010,201,0,3192,2970,0,620,5980]
07-30 09:30:33.314  root  2314  2567 I storaged_disk_stats: [regular,75982,3676065,96876,34175,8901051,392760,87660,9572,3636901,425320,0,158170,818640]
07-30 10:22:56.729  root  2314  2567 I storaged_disk_stats: [stalled,5416298,5476299,615,368,25056,4780,226,0,4736,4230,0,900,9010]
07-30 10:58:15.712  root  2314  2567 I storaged_disk_stats: [regular,3676065,7276334,135104,40189,10019115,615040,118879,3916,2557696,398910,0,176690,1013930]
07-30 11:51:16.376  root  2314  2567 I storaged_disk_stats: [stalled,10336397,10396399,46,0,704,310,658,0,14392,7790,0,850,8090]
07-30 11:59:16.878  root  2314  2567 I storaged_disk_stats: [regular,7276334,10876409,37053,20479,2735016,243120,45238,489,973848,250090,0,69990,493210]
07-30 13:08:51.475  root  2314  2567 I storaged_disk_stats: [stalled,13636501,13696502,80,63,3176,1790,396,0,3440,3880,0,800,5670]
07-30 13:24:34.459  root  2314  2567 I storaged_disk_stats: [regular,10876409,14476518,96419,38882,5755043,581820,95996,2086,2123528,369450,0,136470,951210]
07-30 14:52:28.340  root  2314  2567 I storaged_disk_stats: [regular,14476518,18076728,166446,52491,9376536,941960,47728,1290,1096056,272850,0,136800,1215650]
07-30 16:13:57.491  root  2314  2567 I storaged_disk_stats: [regular,18076728,21676883,363022,101637,22849863,1760550,246747,412,11286224,876300,0,344920,2639980]
