06-05 16:59:09.808  1000  2628  3305 I netstats_wifi_sample: [1861089832,1383973,47106762,674287,1860717426,1376295,37665128,674241,1853987342,1342791,37664628,674235,1528198150374]
06-05 17:03:38.499  1000  2628  3315 I netstats_wifi_sample: [1861122045,1384162,47107594,674297,1860747685,1376452,37665268,674243,1853991348,1342833,37664680,674236,1528198419068]
06-05 17:03:48.713  1000  2628  3315 I netstats_wifi_sample: [1861122045,1384162,47107594,674297,1860747685,1376452,37665268,674243,1853991348,1342833,37664680,674236,1528198429282]
06-05 17:03:48.738  1000  2628  3315 I netstats_wifi_sample: [1861122045,1384162,47107594,674297,1860747685,1376452,37665268,674243,1853991348,1342833,37664680,674236,1528198429307]
06-05 17:05:12.348  1000  2628  3315 I netstats_wifi_sample: [1861132239,1384236,47118901,674433,1860757643,1376521,37674531,674374,1854001306,1342902,37673943,674367,1528198512872]
06-05 17:05:16.150  1000  2628  3315 I netstats_wifi_sample: [1861132239,1384236,47118901,674433,1860757643,1376521,37674531,674374,1854001306,1342902,37673943,674367,1528198516674]
06-05 17:05:16.165  1000  2628  3315 I netstats_wifi_sample: [1861132239,1384236,47118901,674433,1860757643,1376521,37674531,674374,1854001306,1342902,37673943,674367,1528198516689]
06-05 17:05:17.379  1000  2628  3315 I netstats_wifi_sample: [1861137399,1384266,47123699,674469,1860762689,1376549,37678797,674409,1854003821,1342928,37678029,674399,1528198517902]
06-05 17:07:09.417  1000  2628  3315 I netstats_wifi_sample: [1861140641,1384290,47126245,674492,1860763974,1376560,37680100,674420,1854007637,1342941,37679512,674413,1528198629706]
06-05 17:07:22.383  1000  2628  3315 I netstats_wifi_sample: [1861140641,1384290,47126245,674492,1860763974,1376560,37680100,674420,1854007637,1342941,37679512,674413,1528198642671]
06-05 17:07:22.395  1000  2628  3315 I netstats_wifi_sample: [1861140641,1384290,47126245,674492,1860763974,1376560,37680100,674420,1854007637,1342941,37679512,674413,1528198642684]
06-05 17:07:25.540  1000  2628  3315 I netstats_wifi_sample: [1861140996,1384291,47126441,674496,1860764329,1376561,37680353,674424,1854007992,1342942,37679765,674417,1528198645828]
06-05 17:07:41.458  1000  2628  3315 I netstats_wifi_sample: [1861140996,1384291,47126441,674496,1860764329,1376561,37680353,674424,1854007992,1342942,37679765,674417,1528198661746]
06-05 17:07:41.482  1000  2628  3315 I netstats_wifi_sample: [1861140996,1384291,47126441,674496,1860764329,1376561,37680353,674424,1854007992,1342942,37679765,674417,1528198661770]
06-05 17:11:37.256  1000  2628  3315 I netstats_wifi_sample: [1861146980,1384370,47135414,674557,1860769111,1376629,37687920,674477,1854012774,1343010,37687332,674470,1528198897668]
06-05 17:11:51.738  1000  2628  3315 I netstats_wifi_sample: [1861146980,1384370,47135414,674557,1860769111,1376629,37687920,674477,1854012774,1343010,37687332,674470,1528198911984]
06-05 17:11:51.805  1000  2628  3315 I netstats_wifi_sample: [1861146980,1384370,47135414,674557,1860769111,1376629,37687920,674477,1854012774,1343010,37687332,674470,1528198912050]
06-05 17:16:02.797  1000  2628  3315 I netstats_wifi_sample: [1861152766,1384424,47141766,674605,1860772193,1376664,37692502,674510,1854015856,1343045,37691914,674503,1528199163325]
06-05 17:16:29.965  1000  2628  3315 I netstats_wifi_sample: [1861152766,1384424,47141766,674605,1860772193,1376664,37692502,674510,1854015856,1343045,37691914,674503,1528199190452]
06-05 17:16:29.985  1000  2628  3315 I netstats_wifi_sample: [1861152766,1384424,47141766,674605,1860772193,1376664,37692502,674510,1854015856,1343045,37691914,674503,1528199190472]
06-05 17:16:30.592  1000  2628  3315 I netstats_wifi_sample: [1861153029,1384428,47142429,674613,1860772360,1376666,37693025,674517,1854016023,1343047,37692361,674509,1528199191078]
06-05 17:28:13.121  1000  2628  3315 I netstats_wifi_sample: [1861163573,1384493,47152028,674688,1860782270,1376726,37701214,674585,1854025813,1343106,37700538,674577,1528199893244]
06-05 17:28:15.791  1000  2628  3315 I netstats_wifi_sample: [1861163573,1384493,47152028,674688,1860782270,1376726,37701214,674585,1854025813,1343106,37700538,674577,1528199895915]
06-05 17:28:15.803  1000  2628  3315 I netstats_wifi_sample: [1861163573,1384493,47152028,674688,1860782270,1376726,37701214,674585,1854025813,1343106,37700538,674577,1528199895926]
06-05 17:28:17.098  1000  2628  3315 I netstats_wifi_sample: [1861165776,1384517,47156103,674716,1860784359,1376748,37704869,674612,1854027902,1343128,37704065,674602,1528199897501]
06-05 17:29:27.745  1000  2628  3305 I netstats_wifi_sample: [1861166906,1384533,47157564,674733,1860784655,1376756,37705596,674623,1854028198,1343136,37704920,674615,1528199968148]
06-05 17:43:43.752  1000  2628  3315 I netstats_wifi_sample: [1861233559,1384876,47160917,674749,1860849290,1377056,37708697,674638,1854035420,1343210,37707933,674629,1528200824200]
06-05 17:44:58.206  1000  2628  3305 I netstats_wifi_sample: [1861233559,1384876,47160917,674749,1860849290,1377056,37708697,674638,1854035420,1343210,37707933,674629,1528200898491]
06-05 17:46:06.241  1000  2628  3305 I netstats_wifi_sample: [1861233559,1384876,47160917,674749,1860849290,1377056,37708697,674638,1854035420,1343210,37707933,674629,1528200966526]
06-05 17:59:10.236  1000  2628  3305 I netstats_wifi_sample: [1861233559,1384876,47160917,674749,1860849290,1377056,37708697,674638,1854035420,1343210,37707933,674629,1528201750405]
06-05 18:02:03.494  1000  2628  3305 I netstats_wifi_sample: [1861233559,1384876,47160917,674749,1860849290,1377056,37708697,674638,1854035420,1343210,37707933,674629,1528201923664]
06-05 18:02:25.976  1000  2628  3305 I netstats_wifi_sample: [1861233559,1384876,47160917,674749,1860849290,1377056,37708697,674638,1854035420,1343210,37707933,674629,1528201946145]
06-05 18:02:48.154  1000  2628  3305 I netstats_wifi_sample: [1861233559,1384876,47160917,674749,1860849290,1377056,37708697,674638,1854035420,1343210,37707933,674629,1528201968324]
06-05 18:03:26.423  1000  2628  3305 I netstats_wifi_sample: [1861233559,1384876,47160917,674749,1860849290,1377056,37708697,674638,1854035420,1343210,37707933,674629,1528202006592]
06-05 18:06:17.915  1000  2628  3305 I netstats_wifi_sample: [1861233559,1384876,47160917,674749,1860849290,1377056,37708697,674638,1854035420,1343210,37707933,674629,1528202178085]
06-05 18:06:35.799  1000  2628  3315 I netstats_wifi_sample: [1861233559,1384876,47160917,674749,1860849290,1377056,37708697,674638,1854035420,1343210,37707933,674629,1528202195968]
06-05 18:06:35.819  1000  2628  3315 I netstats_wifi_sample: [1861233559,1384876,47160917,674749,1860849290,1377056,37708697,674638,1854035420,1343210,37707933,674629,1528202195989]
06-05 18:06:37.412  1000  2628  3305 I netstats_wifi_sample: [1863422981,1386564,47291894,675763,1862995758,1378707,37824642,675635,1856083007,1344748,37821294,675592,1528202197582]
06-05 18:06:37.744  1000  2628  3305 I netstats_wifi_sample: [1865717340,1388231,47355614,676617,1865301663,1380381,37876822,676497,1858457634,1346467,37875646,676481,1528202197914]
06-05 18:06:38.188  1000  2628  3305 I netstats_wifi_sample: [1868042723,1389896,47422253,677505,1867649506,1382062,37931091,677387,1860747053,1348101,37927427,677349,1528202198357]
06-05 18:06:38.861  1000  2628  3305 I netstats_wifi_sample: [1870237535,1391475,47502525,678339,1869841340,1383636,38001320,678232,1862970515,1349692,37998617,678206,1528202199031]
06-05 18:06:39.397  1000  2628  3305 I netstats_wifi_sample: [1872474497,1393083,47579958,679184,1872089662,1385252,38065592,679071,1865206159,1351284,38063856,679044,1528202199567]
06-05 18:06:39.912  1000  2628  3305 I netstats_wifi_sample: [1874754710,1394736,47714553,680072,1874347103,1386888,38187339,679951,1867407363,1352868,38178935,679901,1528202200081]
06-05 18:06:53.379  1000  2628  3305 I netstats_wifi_sample: [1876204462,1396786,48593672,681398,1875811857,1388788,39048204,681283,1868916335,1354630,39043800,681269,1528202213548]
06-05 18:06:57.966  1000  2628  3305 I netstats_wifi_sample: [1877279772,1398195,49661787,682684,1876886243,1390175,40098365,682569,1869970700,1355928,40093962,682554,1528202218136]
06-05 18:07:02.576  1000  2628  3305 I netstats_wifi_sample: [1878329926,1399598,50764590,683997,1877932723,1391548,41182657,683880,1870994515,1357238,41181805,683870,1528202222746]
06-05 18:07:07.225  1000  2628  3305 I netstats_wifi_sample: [1879391043,1401023,51853647,685319,1878995223,1392957,42253307,685203,1872039954,1358560,42252340,685192,1528202227394]
06-05 18:07:12.000  1000  2628  3305 I netstats_wifi_sample: [1880468025,1402484,52928116,686581,1880071152,1394401,43310080,686464,1873096485,1359909,43309038,686452,1528202232169]
06-05 18:07:16.807  1000  2628  3305 I netstats_wifi_sample: [1881542158,1403950,54002697,687797,1881145093,1395856,44367637,687680,1874154216,1361278,44366664,687669,1528202236977]
06-05 18:07:21.643  1000  2628  3305 I netstats_wifi_sample: [1882582154,1405414,55123198,689196,1882184471,1397307,45468552,689079,1875166478,1362623,45467700,689069,1528202241810]
06-05 18:07:26.127  1000  2628  3305 I netstats_wifi_sample: [1883660508,1406860,56203787,690519,1883262291,1398743,46530452,690400,1876231818,1363987,46529600,690390,1528202246297]
06-05 18:07:30.803  1000  2628  3305 I netstats_wifi_sample: [1884722867,1408335,57299502,691874,1884324142,1400206,47607308,691755,1877274135,1365354,47606265,691743,1528202250972]
06-05 18:07:35.951  1000  2628  3305 I netstats_wifi_sample: [1885841547,1409923,58326326,693212,1885441670,1401769,48615372,693092,1878383337,1366825,48614332,693080,1528202256121]
06-05 18:07:41.707  1000  2628  3305 I netstats_wifi_sample: [1886982542,1411615,59372593,694607,1886581117,1403428,49642041,694486,1879482084,1368346,49637879,694471,1528202261877]
06-05 18:07:47.107  1000  2628  3305 I netstats_wifi_sample: [1888216857,1413237,60306123,695854,1887814324,1405030,50558181,695734,1880685885,1369852,50557213,695723,1528202267277]
06-05 18:07:51.760  1000  2628  3305 I netstats_wifi_sample: [1889311634,1414837,61370882,697158,1888901925,1406481,51604656,697037,1881756251,1371217,51602609,697025,1528202271930]
06-05 18:07:56.502  1000  2628  3305 I netstats_wifi_sample: [1890402206,1416302,62441438,698359,1889991423,1407922,52658398,698238,1882817781,1372563,52657468,698227,1528202276672]
06-05 18:08:01.096  1000  2628  3305 I netstats_wifi_sample: [1891514542,1417790,63499866,699579,1891102741,1409389,53699718,699457,1883909338,1373931,53698653,699445,1528202281265]
06-05 18:08:05.773  1000  2628  3305 I netstats_wifi_sample: [1892642367,1419378,64567252,700806,1892228676,1410936,54749898,700683,1884981943,1375294,54745765,700668,1528202285943]
06-05 18:08:10.530  1000  2628  3305 I netstats_wifi_sample: [1893753927,1420934,65627813,702005,1893339682,1412480,55793554,701881,1886049309,1376646,55792509,701869,1528202290700]
06-05 18:08:15.207  1000  2628  3305 I netstats_wifi_sample: [1894879043,1422509,66695898,703262,1894464410,1414047,56844160,703139,1887117964,1378024,56843210,703128,1528202295377]
06-05 18:08:19.905  1000  2628  3305 I netstats_wifi_sample: [1895974651,1423970,67766766,704567,1895558102,1415490,57896730,704443,1888183013,1379358,57893514,704430,1528202300075]
06-05 18:08:24.605  1000  2628  3305 I netstats_wifi_sample: [1897057409,1425474,68837984,705806,1896640508,1416963,58950574,705681,1889243838,1380715,58949565,705669,1528202304774]
06-05 18:08:29.434  1000  2628  3305 I netstats_wifi_sample: [1898155912,1426953,69896191,706921,1897737791,1418416,59989769,706792,1890324958,1382075,59988843,706781,1528202309603]
06-05 18:08:34.262  1000  2628  3305 I netstats_wifi_sample: [1899260433,1428478,70952484,708014,1898841196,1419917,61028837,707882,1891410577,1383469,61023525,707868,1528202314431]
06-05 18:08:39.112  1000  2628  3305 I netstats_wifi_sample: [1900385625,1430016,71991853,709112,1899964879,1421425,62055767,708983,1892498420,1384840,62051231,708968,1528202319282]
06-05 18:08:43.859  1000  2628  3305 I netstats_wifi_sample: [1901499407,1431531,73050629,710239,1901078198,1422928,63096941,710108,1893581088,1386206,63094010,710096,1528202324028]
06-05 18:08:48.600  1000  2628  3305 I netstats_wifi_sample: [1902639194,1433125,74100304,711382,1902213741,1424430,64134746,711254,1894665888,1387562,64132760,711243,1528202328770]
06-05 18:08:53.477  1000  2628  3305 I netstats_wifi_sample: [1903808664,1434781,75138035,712495,1903378492,1426008,65156691,712364,1895769870,1388963,65150649,712349,1528202333646]
06-05 18:08:58.384  1000  2628  3305 I netstats_wifi_sample: [1904993620,1436498,76165370,713561,1904559486,1427678,66164615,713427,1896892876,1390361,66163614,713415,1528202338554]
06-05 18:09:03.453  1000  2628  3305 I netstats_wifi_sample: [1906203339,1438196,77161558,714622,1905770043,1429345,67150584,714492,1898063794,1391852,67132895,714467,1528202343619]
06-05 18:09:08.087  1000  2628  3305 I netstats_wifi_sample: [1907300085,1439719,78243461,715773,1906865707,1430836,68216299,715642,1899118910,1393180,68215361,715631,1528202348256]
06-05 18:09:12.644  1000  2628  3305 I netstats_wifi_sample: [1908423106,1441325,79275699,716830,1907978894,1432377,69233757,716698,1900205317,1394553,69231718,716687,1528202352813]
06-05 18:09:16.963  1000  2628  3305 I netstats_wifi_sample: [1909519618,1442878,80350148,717920,1909081551,1433917,70292946,717788,1901275996,1395932,70289982,717776,1528202357521]
06-05 18:09:21.555  1000  2628  3305 I netstats_wifi_sample: [1910641748,1444467,81395140,719000,1910201931,1435471,71322762,718866,1902369087,1397311,71314242,718848,1528202362113]
06-05 18:09:26.299  1000  2628  3305 I netstats_wifi_sample: [1911763814,1446149,82460876,720094,1911321145,1437091,72373182,719960,1903439928,1398697,72372330,719950,1528202366857]
06-05 18:09:31.084  1000  2628  3305 I netstats_wifi_sample: [1912873358,1447832,83519342,721173,1912429405,1438747,73416514,721038,1904512054,1400118,73415662,721028,1528202371643]
06-05 18:10:19.817  1000  2628  3305 I netstats_wifi_sample: [1914644399,1452177,84175266,722169,1914179886,1442648,74058270,722026,1906003008,1402846,74034698,722000,1528202420138]
