06-05 16:59:09.804  1000  2628  3305 I netstats_mobile_sample: [86020948,64867,2998790,30024,85549836,58247,2751994,29922,85549836,58247,2751994,29922,1528198150374]
06-05 17:03:38.499  1000  2628  3315 I netstats_mobile_sample: [86020948,64867,2998790,30024,85549836,58247,2751994,29922,85549836,58247,2751994,29922,1528198419068]
06-05 17:03:48.713  1000  2628  3315 I netstats_mobile_sample: [86022012,64879,3001816,30051,85550900,58259,2754804,29949,85550900,58259,2754804,29949,1528198429282]
06-05 17:03:48.738  1000  2628  3315 I netstats_mobile_sample: [86022012,64879,3001816,30051,85550900,58259,2754804,29949,85550900,58259,2754804,29949,1528198429307]
06-05 17:05:12.348  1000  2628  3315 I netstats_mobile_sample: [86050372,65027,3028220,30247,85579260,58407,2779640,30145,85579260,58407,2779640,30145,1528198512872]
06-05 17:05:16.150  1000  2628  3315 I netstats_mobile_sample: [86050372,65027,3028220,30247,85579260,58407,2779640,30145,85579260,58407,2779640,30145,1528198516674]
06-05 17:05:16.165  1000  2628  3315 I netstats_mobile_sample: [86050372,65027,3028220,30247,85579260,58407,2779640,30145,85579260,58407,2779640,30145,1528198516689]
06-05 17:05:17.378  1000  2628  3315 I netstats_mobile_sample: [86050372,65027,3028220,30247,85579260,58407,2779640,30145,85579260,58407,2779640,30145,1528198517902]
06-05 17:07:09.417  1000  2628  3315 I netstats_mobile_sample: [86050372,65027,3028280,30248,85579260,58407,2779692,30146,85579260,58407,2779692,30146,1528198629706]
06-05 17:07:22.382  1000  2628  3315 I netstats_mobile_sample: [86053658,65056,3036504,30293,85582546,58436,2787556,30191,85582546,58436,2787556,30191,1528198642671]
06-05 17:07:22.395  1000  2628  3315 I netstats_mobile_sample: [86053658,65056,3036504,30293,85582546,58436,2787556,30191,85582546,58436,2787556,30191,1528198642684]
06-05 17:07:25.539  1000  2628  3315 I netstats_mobile_sample: [86054688,65064,3039995,30310,85583576,58444,2790911,30208,85583576,58444,2790911,30208,1528198645828]
06-05 17:07:41.457  1000  2628  3315 I netstats_mobile_sample: [86057860,65097,3047958,30354,85586748,58477,2798522,30252,85586748,58477,2798522,30252,1528198661746]
06-05 17:07:41.482  1000  2628  3315 I netstats_mobile_sample: [86057860,65097,3047958,30354,85586748,58477,2798522,30252,85586748,58477,2798522,30252,1528198661770]
06-05 17:11:37.256  1000  2628  3315 I netstats_mobile_sample: [86062350,65126,3049450,30367,85591238,58506,2799910,30265,85591238,58506,2799910,30265,1528198897668]
06-05 17:11:51.737  1000  2628  3315 I netstats_mobile_sample: [86066278,65165,3057602,30409,85595166,58545,2807726,30307,85595166,58545,2807726,30307,1528198911984]
06-05 17:11:51.804  1000  2628  3315 I netstats_mobile_sample: [86066278,65165,3057602,30409,85595166,58545,2807726,30307,85595166,58545,2807726,30307,1528198912050]
06-05 17:16:02.796  1000  2628  3315 I netstats_mobile_sample: [86066434,65167,3057793,30411,85595322,58547,2807901,30309,85595322,58547,2807901,30309,1528199163325]
06-05 17:16:29.965  1000  2628  3315 I netstats_mobile_sample: [86069825,65200,3061983,30438,85598713,58580,2811875,30336,85598713,58580,2811875,30336,1528199190452]
06-05 17:16:29.984  1000  2628  3315 I netstats_mobile_sample: [86069825,65200,3061983,30438,85598713,58580,2811875,30336,85598713,58580,2811875,30336,1528199190472]
06-05 17:16:30.591  1000  2628  3315 I netstats_mobile_sample: [86069825,65200,3061983,30438,85598713,58580,2811875,30336,85598713,58580,2811875,30336,1528199191078]
06-05 17:28:13.121  1000  2628  3315 I netstats_mobile_sample: [86070053,65203,3062174,30440,85598941,58583,2812050,30338,85598941,58583,2812050,30338,1528199893244]
06-05 17:28:15.791  1000  2628  3315 I netstats_mobile_sample: [86071781,65219,3065208,30461,85600669,58599,2814916,30359,85600669,58599,2814916,30359,1528199895915]
06-05 17:28:15.803  1000  2628  3315 I netstats_mobile_sample: [86071781,65219,3065208,30461,85600669,58599,2814916,30359,85600669,58599,2814916,30359,1528199895926]
06-05 17:28:17.097  1000  2628  3315 I netstats_mobile_sample: [86072948,65229,3066444,30468,85601836,58609,2816096,30366,85601836,58609,2816096,30366,1528199897501]
06-05 17:29:27.744  1000  2628  3305 I netstats_mobile_sample: [86073680,65239,3066795,30472,85602568,58619,2816415,30370,85602568,58619,2816415,30370,1528199968148]
06-05 17:43:43.752  1000  2628  3315 I netstats_mobile_sample: [86073680,65239,3066795,30472,85602568,58619,2816415,30370,85602568,58619,2816415,30370,1528200824200]
06-05 17:44:58.206  1000  2628  3305 I netstats_mobile_sample: [86081038,65281,3073267,30517,85609926,58661,2822527,30415,85609926,58661,2822527,30415,1528200898491]
06-05 17:46:06.241  1000  2628  3305 I netstats_mobile_sample: [86081038,65281,3073267,30517,87350177,58661,4562778,30415,87350177,58661,4562778,30415,1528200966526]
06-05 17:59:10.235  1000  2628  3305 I netstats_mobile_sample: [86081771,65286,3074166,30527,88474536,58666,5687223,30425,88474536,58666,5687223,30425,1528201750405]
06-05 18:02:03.494  1000  2628  3305 I netstats_mobile_sample: [87181926,67931,4095313,33363,89574619,61310,6684602,33246,89573517,61308,6683629,33244,1528201923664]
06-05 18:02:25.975  1000  2628  3305 I netstats_mobile_sample: [88870632,70780,4527085,35192,91263325,64159,7101742,35075,91262128,64157,7101742,35075,1528201946145]
06-05 18:02:48.154  1000  2628  3305 I netstats_mobile_sample: [90409650,73472,5093983,37346,92802167,66850,7651260,37228,92801991,66849,7650164,37225,1528201968324]
06-05 18:03:26.422  1000  2628  3305 I netstats_mobile_sample: [92055133,76304,5558395,38675,94447826,69683,8104324,38546,94447826,69683,8104324,38546,1528202006592]
06-05 18:06:17.915  1000  2628  3305 I netstats_mobile_sample: [92433160,78619,7278830,43251,94825853,71998,9787131,43107,94825853,71998,9787131,43107,1528202178085]
06-05 18:06:35.798  1000  2628  3315 I netstats_mobile_sample: [92459712,78782,8051766,44901,94852405,72161,10546867,44757,94852405,72161,10546867,44757,1528202195968]
06-05 18:06:35.818  1000  2628  3315 I netstats_mobile_sample: [92459712,78782,8053306,44905,94852405,72161,10548375,44761,94852405,72161,10548211,44760,1528202195989]
06-05 18:06:37.412  1000  2628  3305 I netstats_mobile_sample: [92460224,78787,8065400,44937,94852917,72166,10560213,44793,94852917,72166,10560213,44793,1528202197582]
06-05 18:06:37.743  1000  2628  3305 I netstats_mobile_sample: [92460404,78788,8065640,44939,94853097,72167,10560437,44795,94853097,72167,10560437,44795,1528202197914]
06-05 18:06:38.187  1000  2628  3305 I netstats_mobile_sample: [92460524,78790,8065640,44939,94853217,72169,10560437,44795,94853217,72169,10560437,44795,1528202198357]
06-05 18:06:38.861  1000  2628  3305 I netstats_mobile_sample: [92461208,78793,8065764,44940,94853901,72172,10560553,44796,94853901,72172,10560553,44796,1528202199031]
06-05 18:06:39.397  1000  2628  3305 I netstats_mobile_sample: [92461208,78793,8065859,44941,94853901,72172,10560640,44797,94853901,72172,10560640,44797,1528202199567]
06-05 18:06:39.911  1000  2628  3305 I netstats_mobile_sample: [92461308,78794,8066465,44944,94854001,72173,10561222,44800,94854001,72173,10561222,44800,1528202200081]
06-05 18:06:53.378  1000  2628  3305 I netstats_mobile_sample: [92477866,78876,8112757,45099,94870559,72255,10606118,44952,94870559,72255,10606118,44952,1528202213548]
06-05 18:06:57.966  1000  2628  3305 I netstats_mobile_sample: [92484674,78943,8119835,45142,94877367,72322,10612852,44995,94877367,72322,10612852,44995,1528202218136]
06-05 18:07:02.576  1000  2628  3305 I netstats_mobile_sample: [92487875,78958,8129697,45159,94880568,72337,10622578,45012,94880568,72337,10622578,45012,1528202222746]
06-05 18:07:07.224  1000  2628  3305 I netstats_mobile_sample: [92488467,78965,8130468,45167,94881160,72344,10623285,45020,94881160,72344,10623285,45020,1528202227394]
06-05 18:07:11.999  1000  2628  3305 I netstats_mobile_sample: [92488467,78965,8130468,45167,94881160,72344,10623285,45020,94881160,72344,10623285,45020,1528202232169]
06-05 18:07:16.807  1000  2628  3305 I netstats_mobile_sample: [92488771,78969,8130732,45171,94881464,72348,10623517,45024,94881464,72348,10623517,45024,1528202236977]
06-05 18:07:21.641  1000  2628  3305 I netstats_mobile_sample: [92488771,78969,8130732,45171,94881464,72348,10623517,45024,94881464,72348,10623517,45024,1528202241810]
06-05 18:07:26.127  1000  2628  3305 I netstats_mobile_sample: [92489075,78973,8130996,45175,94881768,72352,10623749,45028,94881768,72352,10623749,45028,1528202246297]
06-05 18:07:30.802  1000  2628  3305 I netstats_mobile_sample: [92489291,78976,8131268,45178,94881984,72355,10623997,45031,94881984,72355,10623997,45031,1528202250972]
06-05 18:07:35.951  1000  2628  3305 I netstats_mobile_sample: [92489995,78985,8132320,45189,94882688,72364,10624961,45042,94882688,72364,10624961,45042,1528202256121]
06-05 18:07:41.707  1000  2628  3305 I netstats_mobile_sample: [92490175,78987,8132320,45189,94882868,72366,10624961,45042,94882868,72366,10624961,45042,1528202261877]
06-05 18:07:47.107  1000  2628  3305 I netstats_mobile_sample: [92490571,78992,8132660,45194,94883264,72371,10625261,45047,94883264,72371,10625261,45047,1528202267277]
06-05 18:07:51.760  1000  2628  3305 I netstats_mobile_sample: [92490571,78992,8132660,45194,94883264,72371,10625261,45047,94883264,72371,10625261,45047,1528202271930]
06-05 18:07:56.502  1000  2628  3305 I netstats_mobile_sample: [92490967,78997,8133056,45199,94883660,72376,10625617,45052,94883660,72376,10625617,45052,1528202276672]
06-05 18:08:01.095  1000  2628  3305 I netstats_mobile_sample: [92491215,78999,8133360,45201,94883908,72378,10625905,45054,94883908,72378,10625905,45054,1528202281265]
06-05 18:08:05.773  1000  2628  3305 I netstats_mobile_sample: [92491519,79003,8133624,45205,94884212,72382,10626137,45058,94884212,72382,10626137,45058,1528202285943]
06-05 18:08:10.530  1000  2628  3305 I netstats_mobile_sample: [92491519,79003,8133624,45205,94884212,72382,10626137,45058,94884212,72382,10626137,45058,1528202290700]
06-05 18:08:15.206  1000  2628  3305 I netstats_mobile_sample: [92491823,79007,8133888,45209,94884516,72386,10626369,45062,94884516,72386,10626369,45062,1528202295377]
06-05 18:08:19.905  1000  2628  3305 I netstats_mobile_sample: [92491823,79007,8133888,45209,94884516,72386,10626369,45062,94884516,72386,10626369,45062,1528202300075]
06-05 18:08:24.604  1000  2628  3305 I netstats_mobile_sample: [92492467,79014,8134588,45216,94885160,72393,10627013,45069,94885160,72393,10627013,45069,1528202304774]
06-05 18:08:29.433  1000  2628  3305 I netstats_mobile_sample: [92492467,79014,8134588,45216,94885160,72393,10627013,45069,94885160,72393,10627013,45069,1528202309603]
06-05 18:08:34.261  1000  2628  3305 I netstats_mobile_sample: [92492467,79014,8134644,45217,94885160,72393,10627061,45070,94885160,72393,10627013,45069,1528202314431]
06-05 18:08:39.112  1000  2628  3305 I netstats_mobile_sample: [92492863,79019,8134928,45221,94885556,72398,10627313,45074,94885556,72398,10627313,45074,1528202319282]
06-05 18:08:43.858  1000  2628  3305 I netstats_mobile_sample: [92492863,79019,8134928,45221,94885556,72398,10627313,45074,94885556,72398,10627313,45074,1528202324028]
06-05 18:08:48.600  1000  2628  3305 I netstats_mobile_sample: [92493563,79028,8135588,45230,94886256,72407,10627901,45083,94886256,72407,10627901,45083,1528202328770]
06-05 18:08:53.476  1000  2628  3305 I netstats_mobile_sample: [92493687,79029,8135740,45231,94886380,72408,10628045,45084,94886380,72408,10628045,45084,1528202333646]
06-05 18:08:58.384  1000  2628  3305 I netstats_mobile_sample: [92493991,79033,8136004,45235,94886684,72412,10628277,45088,94886684,72412,10628277,45088,1528202338554]
06-05 18:09:03.453  1000  2628  3305 I netstats_mobile_sample: [92493991,79033,8136004,45235,94886684,72412,10628277,45088,94886684,72412,10628277,45088,1528202343619]
06-05 18:09:08.086  1000  2628  3305 I netstats_mobile_sample: [92493991,79033,8136004,45235,94886684,72412,10628277,45088,94886684,72412,10628277,45088,1528202348256]
06-05 18:09:12.643  1000  2628  3305 I netstats_mobile_sample: [92493991,79033,8136400,45238,94886684,72412,10628649,45091,94886684,72412,10628649,45091,1528202352813]
06-05 18:09:16.962  1000  2628  3305 I netstats_mobile_sample: [92494207,79035,8137080,45243,94886900,72414,10629289,45096,94886900,72414,10629289,45096,1528202357521]
06-05 18:09:21.554  1000  2628  3305 I netstats_mobile_sample: [92494207,79035,8137080,45243,94886900,72414,10629289,45096,94886900,72414,10629289,45096,1528202362113]
06-05 18:09:26.298  1000  2628  3305 I netstats_mobile_sample: [92494207,79035,8137080,45243,94886900,72414,10629289,45096,94886900,72414,10629289,45096,1528202366857]
06-05 18:09:31.084  1000  2628  3305 I netstats_mobile_sample: [92494207,79035,8137080,45243,94886900,72414,10629289,45096,94886900,72414,10629289,45096,1528202371643]
06-05 18:10:19.816  1000  2628  3305 I netstats_mobile_sample: [92509354,79117,8152038,45325,94902047,72496,10643591,45178,94902047,72496,10643591,45178,1528202420138]
