06-05 16:51:30.681  1000  2628  3206 I sysui_multi_action: [757,804,799,power_consecutive_short_tap_count,801,1,802,1]
06-05 16:51:30.681  1000  2628  3206 I sysui_multi_action: [757,804,799,power_double_tap_interval,801,5497645,802,1]
06-05 16:51:30.746  1000  2628  3584 I sysui_multi_action: [757,127,758,1]
06-05 16:51:30.746  1000  2628  3584 I sysui_multi_action: [757,804,799,note_load,801,28,802,1]
06-05 16:51:30.919  1000  2628  2770 I sysui_multi_action: [757,198,758,1,759,0,793,247]
06-05 16:51:30.927  1000  2628  2763 I sysui_multi_action: [757,223,758,2]
06-05 16:51:30.927  1000  2628  2763 I sysui_multi_action: [757,804,799,dozing_minutes,801,87,802,1]
06-05 16:51:31.264  1000  2628  4143 I sysui_multi_action: [757,128,758,1,793,5997366,794,0,795,5997366,796,931651831,798,4,806,com.android.vending,857,4.update-completion-notifications,858,2,946,ranker_group,947,0]
06-05 16:51:31.264  1000  2628  4143 I sysui_multi_action: [757,804,799,note_freshness,801,5997366,802,1]
06-05 16:51:31.264  1000  2628  4143 I sysui_multi_action: [757,128,758,1,793,5971307,794,0,795,5971307,796,1153658444,798,3,806,com.android.vending,857,4.update-completion-notifications,858,2,946,ranker_group,947,0]
06-05 16:51:31.265  1000  2628  4143 I sysui_multi_action: [757,804,799,note_freshness,801,5971307,802,1]
06-05 16:51:31.265  1000  2628  4143 I sysui_multi_action: [757,128,758,1,793,4174221,794,0,795,4174221,796,0,797,TachyonUnregistered,798,0,806,com.google.android.apps.tachyon,857,notification_channel_call_n-3e0f0557,858,3,947,0]
06-05 16:51:31.265  1000  2628  4143 I sysui_multi_action: [757,804,799,note_freshness,801,4174221,802,1]
06-05 16:51:31.265  1000  2628  4143 I sysui_multi_action: [757,128,758,1,793,6420328,794,0,795,6420328,796,2147483647,797,ranker_group,798,1,806,com.android.vending,857,4.update-completion-notifications,858,2,946,ranker_group,947,1]
06-05 16:51:31.265  1000  2628  4143 I sysui_multi_action: [757,804,799,note_freshness,801,6420328,802,1]
06-05 16:51:31.265  1000  2628  4143 I sysui_multi_action: [757,128,758,1,793,5882996,794,0,795,5882996,796,-1674471574,798,2,806,com.android.vending,857,4.update-completion-notifications,858,2,946,ranker_group,947,0]
06-05 16:51:31.265  1000  2628  4143 I sysui_multi_action: [757,804,799,note_freshness,801,5882996,802,1]
06-05 16:51:31.818 10034  3373  3647 I sysui_multi_action: [757,1093,758,4,793,981652,1094,9470016,1095,5]
06-05 16:51:33.532  1000  2628 10948 I sysui_multi_action: [757,128,758,2,793,5999633,794,2267,795,5999633,796,931651831,798,4,806,com.android.vending,857,4.update-completion-notifications,858,2,946,ranker_group,947,0]
06-05 16:51:33.585 10034  3373  3373 I sysui_multi_action: [757,186,758,4,826,247,827,5793]
06-05 16:51:33.661  1000  2628 10948 I sysui_multi_action: [757,128,758,2,793,5973703,794,2396,795,5973703,796,1153658444,798,3,806,com.android.vending,857,4.update-completion-notifications,858,2,946,ranker_group,947,0]
06-05 16:51:33.661  1000  2628 10948 I sysui_multi_action: [757,128,758,2,793,4176617,794,2396,795,4176617,796,0,797,TachyonUnregistered,798,0,806,com.google.android.apps.tachyon,857,notification_channel_call_n-3e0f0557,858,3,947,0]
06-05 16:51:33.661  1000  2628 10948 I sysui_multi_action: [757,128,758,2,793,6422724,794,2396,795,6422724,796,2147483647,797,ranker_group,798,1,806,com.android.vending,857,4.update-completion-notifications,858,2,946,ranker_group,947,1]
06-05 16:51:33.661  1000  2628 10948 I sysui_multi_action: [757,128,758,2,793,5885392,794,2396,795,5885392,796,-1674471574,798,2,806,com.android.vending,857,4.update-completion-notifications,858,2,946,ranker_group,947,0]
06-05 16:51:33.662  1000  2628 10948 I sysui_multi_action: [757,127,758,2]
06-05 16:51:33.832 10034  3373  3373 I sysui_multi_action: [757,111,758,2]
06-05 16:51:33.838 10034  3373  3373 I sysui_multi_action: [757,196,758,2,759,0]
06-05 16:51:36.411 10034  3373  3373 I sysui_multi_action: [757,803,799,panel_open,802,1]
06-05 16:51:36.435  1000  2628  7826 I sysui_multi_action: [757,127,758,1]
06-05 16:51:36.436  1000  2628  7826 I sysui_multi_action: [757,804,799,note_load,801,28,802,1]
06-05 16:51:36.724 10034  3373  3647 I sysui_multi_action: [757,1093,758,4,793,4905,1094,9470016,1095,5]
06-05 16:51:36.938  1000  2628  4143 I sysui_multi_action: [757,128,758,1,793,6003040,794,0,795,6003040,796,931651831,798,4,806,com.android.vending,857,4.update-completion-notifications,858,2,946,ranker_group,947,0]
06-05 16:51:36.939  1000  2628  4143 I sysui_multi_action: [757,804,799,note_freshness,801,6003040,802,1]
06-05 16:51:36.939  1000  2628  4143 I sysui_multi_action: [757,128,758,1,793,5976982,794,0,795,5976982,796,1153658444,798,3,806,com.android.vending,857,4.update-completion-notifications,858,2,946,ranker_group,947,0]
06-05 16:51:36.939  1000  2628  4143 I sysui_multi_action: [757,804,799,note_freshness,801,5976982,802,1]
06-05 16:51:36.940  1000  2628  4143 I sysui_multi_action: [757,128,758,1,793,4179895,794,0,795,4179895,796,0,797,TachyonUnregistered,798,0,806,com.google.android.apps.tachyon,857,notification_channel_call_n-3e0f0557,858,3,947,0]
06-05 16:51:36.940  1000  2628  4143 I sysui_multi_action: [757,804,799,note_freshness,801,4179895,802,1]
06-05 16:51:36.940  1000  2628  4143 I sysui_multi_action: [757,128,758,1,793,6426003,794,0,795,6426003,796,2147483647,797,ranker_group,798,1,806,com.android.vending,857,4.update-completion-notifications,858,2,946,ranker_group,947,1]
06-05 16:51:36.940  1000  2628  4143 I sysui_multi_action: [757,804,799,note_freshness,801,6426003,802,1]
06-05 16:51:36.941  1000  2628  4143 I sysui_multi_action: [757,128,758,1,793,5888671,794,0,795,5888671,796,-1674471574,798,2,806,com.android.vending,857,4.update-completion-notifications,858,2,946,ranker_group,947,0]
06-05 16:51:36.941  1000  2628  4143 I sysui_multi_action: [757,804,799,note_freshness,801,5888671,802,1]
06-05 16:51:37.339  1000  2628  2628 I sysui_multi_action: [757,804,799,note_dismiss_longevity,801,69,802,1]
06-05 16:51:37.339  1000  2628  2628 I sysui_multi_action: [757,128,758,5,759,2,793,4180295,794,400,795,4180295,796,0,797,TachyonUnregistered,806,com.google.android.apps.tachyon,857,notification_channel_call_n-3e0f0557,858,3,947,0]
06-05 16:51:37.794 10034  3373  3647 I sysui_multi_action: [757,1093,758,4,793,1070,1094,9470016,1095,5]
06-05 16:51:37.813  1000  2628  7826 I sysui_multi_action: [757,128,758,1,793,6068324,794,0,795,6068324,796,-799781858,798,5,806,com.android.vending,857,4.update-completion-notifications,858,2,946,ranker_group,947,0]
06-05 16:51:37.814  1000  2628  7826 I sysui_multi_action: [757,804,799,note_freshness,801,6068324,802,1]
06-05 16:51:37.814  1000  2628  7826 I sysui_multi_action: [757,128,758,1,793,6084271,794,0,795,6084271,796,-387596570,798,6,806,com.android.vending,857,4.update-completion-notifications,858,2,946,ranker_group,947,0]
06-05 16:51:37.814  1000  2628  7826 I sysui_multi_action: [757,804,799,note_freshness,801,6084271,802,1]
06-05 16:51:37.814  1000  2628  7826 I sysui_multi_action: [757,128,758,1,793,6029438,794,0,795,6029438,796,274400092,798,4,806,com.android.vending,857,4.update-completion-notifications,858,2,946,ranker_group,947,0]
06-05 16:51:37.814  1000  2628  7826 I sysui_multi_action: [757,804,799,note_freshness,801,6029438,802,1]
06-05 16:51:39.123  1000  2628  2628 I sysui_multi_action: [757,804,799,note_dismiss_longevity,801,107,802,1]
06-05 16:51:39.125  1000  2628  2628 I sysui_multi_action: [757,128,758,5,759,2,793,6428186,794,2183,795,6428186,796,2147483647,797,ranker_group,806,com.android.vending,857,4.update-completion-notifications,858,2,946,ranker_group,947,1]
06-05 16:51:39.133  1000  2628  2628 I sysui_multi_action: [757,128,758,5,759,12,793,7902349,794,6522070,795,7432577,796,874755343,806,com.android.vending,857,4.update-completion-notifications,858,2,946,ranker_group,947,0]
06-05 16:51:39.135  1000  2628  2628 I sysui_multi_action: [757,128,758,5,759,12,793,6445176,794,0,795,6445176,796,1792273226,806,com.android.vending,857,4.update-completion-notifications,858,2,946,ranker_group,947,0]
06-05 16:51:39.138  1000  2628  2628 I sysui_multi_action: [757,128,758,5,759,12,793,6437523,794,0,795,6437523,796,899564632,806,com.android.vending,857,4.update-completion-notifications,858,2,946,ranker_group,947,0]
06-05 16:51:39.140  1000  2628  2628 I sysui_multi_action: [757,128,758,5,759,12,793,6426747,794,0,795,6426747,796,-2138717627,806,com.android.vending,857,4.update-completion-notifications,858,2,946,ranker_group,947,0]
06-05 16:51:39.143  1000  2628  2628 I sysui_multi_action: [757,128,758,5,759,12,793,6412433,794,0,795,6412433,796,-1897170512,806,com.android.vending,857,4.update-completion-notifications,858,2,946,ranker_group,947,0]
06-05 16:51:39.146  1000  2628  2628 I sysui_multi_action: [757,128,758,5,759,12,793,6392635,794,0,795,6392635,796,-1651733025,806,com.android.vending,857,4.update-completion-notifications,858,2,946,ranker_group,947,0]
06-05 16:51:39.148  1000  2628  2628 I sysui_multi_action: [757,128,758,5,759,12,793,6364292,794,0,795,6364292,796,2064090771,806,com.android.vending,857,4.update-completion-notifications,858,2,946,ranker_group,947,0]
06-05 16:51:39.151  1000  2628  2628 I sysui_multi_action: [757,128,758,5,759,12,793,6335639,794,0,795,6335639,796,1245639141,806,com.android.vending,857,4.update-completion-notifications,858,2,946,ranker_group,947,0]
06-05 16:51:39.153  1000  2628  2628 I sysui_multi_action: [757,128,758,5,759,12,793,6325737,794,0,795,6325737,796,1000296661,806,com.android.vending,857,4.update-completion-notifications,858,2,946,ranker_group,947,0]
06-05 16:51:39.155  1000  2628  2628 I sysui_multi_action: [757,128,758,5,759,12,793,6306367,794,0,795,6306367,796,-892589688,806,com.android.vending,857,4.update-completion-notifications,858,2,946,ranker_group,947,0]
06-05 16:51:39.156  1000  2628  2628 I sysui_multi_action: [757,128,758,5,759,12,793,6299274,794,0,795,6299274,796,1335420989,806,com.android.vending,857,4.update-completion-notifications,858,2,946,ranker_group,947,0]
06-05 16:51:39.158  1000  2628  2628 I sysui_multi_action: [757,128,758,5,759,12,793,6277214,794,6225746,795,6277214,796,1223257432,806,com.android.vending,857,4.update-completion-notifications,858,2,946,ranker_group,947,0]
06-05 16:51:39.160  1000  2628  2628 I sysui_multi_action: [757,128,758,5,759,12,793,6245340,794,6190564,795,6245340,796,817514438,806,com.android.vending,857,4.update-completion-notifications,858,2,946,ranker_group,947,0]
06-05 16:51:39.161  1000  2628  2628 I sysui_multi_action: [757,128,758,5,759,12,793,6209349,794,6128202,795,6209349,796,639310365,806,com.android.vending,857,4.update-completion-notifications,858,2,946,ranker_group,947,0]
06-05 16:51:39.168  1000  2628  2628 I sysui_multi_action: [757,128,758,5,759,12,793,6184232,794,6128209,795,6184232,796,121348070,806,com.android.vending,857,4.update-completion-notifications,858,2,946,ranker_group,947,0]
06-05 16:51:39.175  1000  2628  2628 I sysui_multi_action: [757,128,758,5,759,12,793,6170807,794,6079077,795,6170807,796,-1418358261,806,com.android.vending,857,4.update-completion-notifications,858,2,946,ranker_group,947,0]
06-05 16:51:39.176  1000  2628  2628 I sysui_multi_action: [757,128,758,5,759,12,793,6144054,794,6079079,795,6144054,796,-1641047975,806,com.android.vending,857,4.update-completion-notifications,858,2,946,ranker_group,947,0]
06-05 16:51:39.178  1000  2628  2628 I sysui_multi_action: [757,128,758,5,759,12,793,6136214,794,6079081,795,6136214,796,-250261552,806,com.android.vending,857,4.update-completion-notifications,858,2,946,ranker_group,947,0]
06-05 16:51:39.181  1000  2628  2628 I sysui_multi_action: [757,128,758,5,759,12,793,6127545,794,5999373,795,6127545,796,-1053900032,806,com.android.vending,857,4.update-completion-notifications,858,2,946,ranker_group,947,0]
06-05 16:51:39.184  1000  2628  2628 I sysui_multi_action: [757,128,758,5,759,12,793,6097946,794,5999377,795,6097946,796,612467917,806,com.android.vending,857,4.update-completion-notifications,858,2,946,ranker_group,947,0]
06-05 16:51:39.186  1000  2628  2628 I sysui_multi_action: [757,128,758,5,759,12,793,6085643,794,1372,795,6085643,796,-387596570,806,com.android.vending,857,4.update-completion-notifications,858,2,946,ranker_group,947,0]
06-05 16:51:39.188  1000  2628  2628 I sysui_multi_action: [757,128,758,5,759,12,793,6069699,794,1375,795,6069699,796,-799781858,806,com.android.vending,857,4.update-completion-notifications,858,2,946,ranker_group,947,0]
06-05 16:51:39.191  1000  2628  2628 I sysui_multi_action: [757,128,758,5,759,12,793,6030815,794,1377,795,6030815,796,274400092,806,com.android.vending,857,4.update-completion-notifications,858,2,946,ranker_group,947,0]
06-05 16:51:39.194  1000  2628  2628 I sysui_multi_action: [757,128,758,5,759,12,793,6005296,794,2256,795,6005296,796,931651831,806,com.android.vending,857,4.update-completion-notifications,858,2,946,ranker_group,947,0]
06-05 16:51:39.196  1000  2628  2628 I sysui_multi_action: [757,128,758,5,759,12,793,5979239,794,2257,795,5979239,796,1153658444,806,com.android.vending,857,4.update-completion-notifications,858,2,946,ranker_group,947,0]
06-05 16:51:39.198  1000  2628  2628 I sysui_multi_action: [757,128,758,5,759,12,793,5890929,794,2258,795,5890929,796,-1674471574,806,com.android.vending,857,4.update-completion-notifications,858,2,946,ranker_group,947,0]
06-05 16:51:39.632  1000  2628  4143 I sysui_multi_action: [757,127,758,2]
06-05 16:51:39.732 10034  3373  3647 I sysui_multi_action: [757,1093,758,4,793,1939,1094,9470016,1095,5]
06-05 16:51:40.913  1000  2628  3206 I sysui_multi_action: [757,804,799,power_consecutive_short_tap_count,801,1,802,1]
06-05 16:51:40.914  1000  2628  3206 I sysui_multi_action: [757,804,799,power_double_tap_interval,801,10234,802,1]
06-05 16:51:41.693  1000  2628  2708 I sysui_multi_action: [757,803,799,window_time_0,802,5287]
06-05 16:51:41.899  1000  2628  2763 I sysui_multi_action: [757,223,758,1]
06-05 16:51:41.941 10034  3373  3373 I sysui_multi_action: [757,196,758,2,759,0]
06-05 16:51:41.949 10034  3373  3373 I sysui_multi_action: [757,111,758,1]
06-05 16:51:41.950 10034  3373  3373 I sysui_multi_action: [757,126,758,1,759,126,833,0,927,0,928,1]
06-05 16:51:41.950 10034  3373  3373 I sysui_multi_action: [757,113,758,1,759,113,833,0,927,1,928,0]
06-05 16:51:41.950 10034  3373  3373 I sysui_multi_action: [757,118,758,1,759,118,833,0,927,2,928,0]
06-05 16:51:41.950 10034  3373  3373 I sysui_multi_action: [757,119,758,1,759,119,833,0,927,3,928,0]
06-05 16:51:41.950 10034  3373  3373 I sysui_multi_action: [757,123,758,1,759,123,833,0,927,4,928,1]
06-05 16:51:41.950 10034  3373  3373 I sysui_multi_action: [757,261,758,1,759,261,833,0,927,5,928,0]
06-05 16:51:41.958  1000  2628  3525 I sysui_multi_action: [757,127,758,1]
06-05 16:51:41.958  1000  2628  3525 I sysui_multi_action: [757,804,799,note_load,801,0,802,1]
06-05 16:51:41.969  1000  2628  2628 I sysui_multi_action: [757,198,758,2,759,2]
06-05 16:51:41.969  1000  2628  2628 I sysui_multi_action: [757,804,799,screen_timeout,801,60,802,1]
06-05 16:51:42.056 10034  3373  3373 I sysui_multi_action: [757,196,758,1,759,0]
06-05 16:51:42.063  1000  2628  3525 I sysui_multi_action: [757,127,758,2]
06-05 17:00:58.953  1000  2628  3206 I sysui_multi_action: [757,804,799,power_consecutive_short_tap_count,801,1,802,1]
06-05 17:00:58.954  1000  2628  3206 I sysui_multi_action: [757,804,799,power_double_tap_interval,801,558038,802,1]
06-05 17:00:59.009  1000  2628  3823 I sysui_multi_action: [757,127,758,1]
06-05 17:00:59.009  1000  2628  3823 I sysui_multi_action: [757,804,799,note_load,801,0,802,1]
06-05 17:00:59.176  1000  2628  2770 I sysui_multi_action: [757,198,758,1,759,0,793,232]
06-05 17:00:59.187  1000  2628  2763 I sysui_multi_action: [757,223,758,2]
06-05 17:00:59.187  1000  2628  2763 I sysui_multi_action: [757,804,799,dozing_minutes,801,9,802,1]
06-05 17:01:00.099 10034  3373  3647 I sysui_multi_action: [757,1093,758,4,793,560367,1094,9470016,1095,5]
06-05 17:01:01.860 10034  3373  3373 I sysui_multi_action: [757,186,758,4,826,199,827,4667]
06-05 17:01:01.920  1000  2628  7826 I sysui_multi_action: [757,127,758,2]
06-05 17:01:02.049 10034  3373  3373 I sysui_multi_action: [757,111,758,2]
06-05 17:01:02.053 10034  3373  3373 I sysui_multi_action: [757,196,758,2,759,0]
06-05 17:01:03.693  1000  2628  3206 I sysui_multi_action: [757,804,799,power_consecutive_short_tap_count,801,1,802,1]
06-05 17:01:03.693  1000  2628  3206 I sysui_multi_action: [757,804,799,power_double_tap_interval,801,4745,802,1]
06-05 17:01:04.377  1000  2628  2708 I sysui_multi_action: [757,803,799,window_time_0,802,563]
06-05 17:01:04.601  1000  2628  2763 I sysui_multi_action: [757,223,758,1]
06-05 17:01:04.639 10034  3373  3373 I sysui_multi_action: [757,196,758,2,759,0]
06-05 17:01:04.653 10034  3373  3373 I sysui_multi_action: [757,111,758,1]
06-05 17:01:04.653 10034  3373  3373 I sysui_multi_action: [757,126,758,1,759,126,833,0,927,0,928,1]
06-05 17:01:04.653 10034  3373  3373 I sysui_multi_action: [757,113,758,1,759,113,833,0,927,1,928,0]
06-05 17:01:04.653 10034  3373  3373 I sysui_multi_action: [757,118,758,1,759,118,833,0,927,2,928,0]
06-05 17:01:04.654 10034  3373  3373 I sysui_multi_action: [757,119,758,1,759,119,833,0,927,3,928,0]
06-05 17:01:04.654 10034  3373  3373 I sysui_multi_action: [757,123,758,1,759,123,833,0,927,4,928,1]
06-05 17:01:04.654 10034  3373  3373 I sysui_multi_action: [757,261,758,1,759,261,833,0,927,5,928,0]
06-05 17:01:04.662  1000  2628  3528 I sysui_multi_action: [757,127,758,1]
06-05 17:01:04.662  1000  2628  3528 I sysui_multi_action: [757,804,799,note_load,801,0,802,1]
06-05 17:01:04.675  1000  2628  2628 I sysui_multi_action: [757,198,758,2,759,2]
06-05 17:01:04.675  1000  2628  2628 I sysui_multi_action: [757,804,799,screen_timeout,801,60,802,1]
06-05 17:01:04.760 10034  3373  3373 I sysui_multi_action: [757,196,758,1,759,0]
06-05 17:01:04.767  1000  2628  7826 I sysui_multi_action: [757,127,758,2]
06-05 17:03:39.491 10034  3373  3647 I sysui_multi_action: [757,1093,758,4,793,159392,1094,9437248,1095,4]
06-05 17:03:49.764 10034  3373  3647 I sysui_multi_action: [757,1093,758,4,793,10273,1094,9470016,1095,5]
06-05 17:04:04.685 10034  3373  3647 I sysui_multi_action: [757,1093,758,4,793,14921,1094,9470016,1095,5]
06-05 17:04:11.619 10034  3373  3647 I sysui_multi_action: [757,1093,758,4,793,6934,1094,9470016,1095,5]
06-05 17:05:13.363 10034  3373  3647 I sysui_multi_action: [757,1093,758,4,793,61743,1094,9437248,1095,4]
06-05 17:05:17.129 10034  3373  3647 I sysui_multi_action: [757,1093,758,4,793,3766,1094,9470016,1095,5]
06-05 17:05:27.503 10034  3373  3647 I sysui_multi_action: [757,1093,758,4,793,10375,1094,9470016,1095,5]
06-05 17:06:33.568 10034  3373  3647 I sysui_multi_action: [757,1093,758,4,793,66064,1094,9470016,1095,5]
06-05 17:07:10.445 10034  3373  3647 I sysui_multi_action: [757,1093,758,4,793,36877,1094,9437248,1095,4]
06-05 17:07:23.355 10034  3373  3647 I sysui_multi_action: [757,1093,758,4,793,12910,1094,9470016,1095,5]
06-05 17:07:24.421 10034  3373  3647 I sysui_multi_action: [757,1093,758,4,793,1067,1094,9470016,1095,5]
06-05 17:07:26.522 10034  3373  3647 I sysui_multi_action: [757,1093,758,4,793,2101,1094,9437248,1095,4]
06-05 17:07:35.468 10034  3373  3647 I sysui_multi_action: [757,1093,758,4,793,8946,1094,9437248,1095,4]
06-05 17:07:42.414 10034  3373  3647 I sysui_multi_action: [757,1093,758,4,793,6946,1094,9470016,1095,5]
06-05 17:07:43.638 10034  3373  3647 I sysui_multi_action: [757,1093,758,4,793,1224,1094,9470016,1095,5]
06-05 17:09:18.079 10016 10888 11440 I sysui_multi_action: [757,920,758,4,759,1337885062]
06-05 17:11:38.270 10034  3373  3647 I sysui_multi_action: [757,1093,758,4,793,234632,1094,9437248,1095,4]
06-05 17:11:52.698 10034  3373  3647 I sysui_multi_action: [757,1093,758,4,793,14428,1094,9470016,1095,5]
06-05 17:11:55.482 10034  3373  3647 I sysui_multi_action: [757,1093,758,4,793,2784,1094,9470016,1095,5]
06-05 17:16:03.815 10034  3373  3647 I sysui_multi_action: [757,1093,758,4,793,248333,1094,9437248,1095,4]
06-05 17:16:31.279 10034  3373  3647 I sysui_multi_action: [757,1093,758,4,793,27464,1094,9470016,1095,5]
06-05 17:16:39.580 10034  3373  3647 I sysui_multi_action: [757,1093,758,4,793,8301,1094,9470016,1095,5]
06-05 17:21:14.513 10034  3373  3647 I sysui_multi_action: [757,1093,758,4,793,274933,1094,9470016,1095,5]
06-05 17:28:14.145 10034  3373  3647 I sysui_multi_action: [757,1093,758,4,793,419631,1094,9437248,1095,4]
06-05 17:28:16.499 10034  3373  3647 I sysui_multi_action: [757,1093,758,4,793,2355,1094,9470016,1095,5]
06-05 17:42:48.770 10034  3373  3647 I sysui_multi_action: [757,1093,758,4,793,872271,1094,9470016,1095,6]
06-05 17:43:34.744  1000  2628  3206 I sysui_multi_action: [757,804,799,power_consecutive_short_tap_count,801,1,802,1]
06-05 17:43:34.744  1000  2628  3206 I sysui_multi_action: [757,804,799,power_double_tap_interval,801,2550927,802,1]
06-05 17:43:34.795  1000  2628  3585 I sysui_multi_action: [757,127,758,1]
06-05 17:43:34.795  1000  2628  3585 I sysui_multi_action: [757,804,799,note_load,801,0,802,1]
06-05 17:43:34.992  1000  2628  2770 I sysui_multi_action: [757,198,758,1,759,0,793,255]
06-05 17:43:34.998  1000  2628  2763 I sysui_multi_action: [757,223,758,2]
06-05 17:43:34.998  1000  2628  2763 I sysui_multi_action: [757,804,799,dozing_minutes,801,42,802,1]
06-05 17:43:35.915 10034  3373  3647 I sysui_multi_action: [757,1093,758,4,793,47145,1094,9470016,1095,6]
06-05 17:43:36.000 10034  3373  3373 I sysui_multi_action: [757,186,758,4,826,521,827,4106]
06-05 17:43:36.011  1000  2628 10460 I sysui_multi_action: [757,127,758,2]
06-05 17:43:36.106 10034  3373  3373 I sysui_multi_action: [757,111,758,2]
06-05 17:43:36.114 10034  3373  3373 I sysui_multi_action: [757,196,758,2,759,0]
06-05 17:43:37.308 10034  3373  3373 I sysui_multi_action: [757,803,799,overview_affiliated_task_prev,802,1]
06-05 17:43:37.366  1000  2628  2708 I sysui_multi_action: [757,803,799,window_time_0,802,2553]
06-05 17:43:37.387 10034  3373  3373 I sysui_multi_action: [757,803,799,overview_trigger_nav_btn,802,1]
06-05 17:43:37.387 10034  3373  3373 I sysui_multi_action: [757,803,799,overview_source_home,802,1]
06-05 17:43:37.387 10034  3373  3373 I sysui_multi_action: [757,804,799,overview_task_count,801,3,802,1]
06-05 17:43:37.389 10034  3373  3373 I sysui_multi_action: [757,224,758,1]
06-05 17:43:37.462  1000  2628  2765 I sysui_multi_action: [319,136,322,135,325,12597,757,761,758,9,759,2,806,com.android.systemui,871,com.android.systemui.recents.RecentsActivity,904,com.android.systemui,905,0]
06-05 17:43:38.795 10034  3373  3373 I sysui_multi_action: [757,289,758,4,806,ComponentInfo{com.smartron.gallery/com.smartron.gallery.view.Activities.ExternalViewphotoActivty}]
06-05 17:43:38.796 10034  3373  3373 I sysui_multi_action: [757,804,799,overview_task_dismissed_source,801,1,802,1]
06-05 17:43:38.822  1000  2628  2708 I sysui_multi_action: [757,803,799,window_time_0,802,1]
06-05 17:43:38.824  1000  2628  2708 I sysui_multi_action: [757,803,799,window_time_0,802,0]
06-05 17:43:38.869 10034  3373  3647 I sysui_multi_action: [757,1093,758,4,793,2953,1094,9470016,1095,6]
06-05 17:43:39.128 10034  3373  3373 I sysui_multi_action: [757,289,758,4,806,ComponentInfo{com.smartron.camera/com.smartron.camera.CameraActivity}]
06-05 17:43:39.128 10034  3373  3373 I sysui_multi_action: [757,804,799,overview_task_dismissed_source,801,1,802,1]
06-05 17:43:39.514 10034  3373  3373 I sysui_multi_action: [757,803,799,overview_task_all_dismissed,802,1]
06-05 17:43:39.515 10034  3373  3373 I sysui_multi_action: [757,289,758,4,806,ComponentInfo{com.android.vending/com.google.android.finsky.activities.MainActivity}]
06-05 17:43:39.515 10034  3373  3373 I sysui_multi_action: [757,804,799,overview_task_dismissed_source,801,1,802,1]
06-05 17:43:39.527  1000  2628  2708 I sysui_multi_action: [757,803,799,window_time_0,802,1]
06-05 17:43:39.569  1000  2628  2708 I sysui_multi_action: [757,803,799,window_time_0,802,0]
06-05 17:43:39.587 10034  3373  3373 I sysui_multi_action: [757,224,758,2]
06-05 17:43:39.653  1000  2628  2765 I sysui_multi_action: [319,130,322,130,325,12599,757,761,758,9,759,2,806,com.smartron.tronxlauncher,871,com.smartron.smextension.TronxLauncher,905,0]
06-05 17:43:39.928 10034  3373  3373 I sysui_multi_action: [757,931,758,4,759,3,932,0,933,0]
06-05 17:43:39.961 10034  3373  3373 I sysui_multi_action: [757,931,758,4,759,3,932,0,933,1]
06-05 17:43:41.002 10034  3373  3373 I sysui_multi_action: [757,931,758,4,759,3,932,0,933,0]
06-05 17:43:41.051 10034  3373  3373 I sysui_multi_action: [757,931,758,4,759,3,932,0,933,1]
06-05 17:43:41.702  1000  2628  2708 I sysui_multi_action: [757,803,799,window_time_0,802,2]
06-05 17:43:41.912 10034  3373  3647 I sysui_multi_action: [757,1093,758,4,793,3044,1094,9470016,1095,6]
06-05 17:43:43.079 10034  3373  3373 I sysui_multi_action: [757,803,799,panel_open,802,1]
06-05 17:43:43.086  1000  2628 10460 I sysui_multi_action: [757,127,758,1]
06-05 17:43:43.087  1000  2628 10460 I sysui_multi_action: [757,804,799,note_load,801,0,802,1]
06-05 17:43:43.651 10034  3373  3373 I sysui_multi_action: [757,925,758,4,759,126,833,0,927,0,928,1]
06-05 17:43:44.353  1000  2628  3528 I sysui_multi_action: [757,127,758,2]
06-05 17:43:44.765 10034  3373  3647 I sysui_multi_action: [757,1093,758,4,793,2853,1094,9437248,1095,5]
06-05 17:43:46.000 10034  3373  3647 I sysui_multi_action: [757,1093,758,4,793,1235,1094,9437248,1095,5]
06-05 17:43:48.035 10034  3373  3647 I sysui_multi_action: [757,1093,758,4,793,2035,1094,9437248,1095,5]
06-05 17:43:50.759 10034  3373  3647 I sysui_multi_action: [757,1093,758,4,793,2724,1094,9437248,1095,5]
06-05 17:43:52.043 10034  3373  3647 I sysui_multi_action: [757,1093,758,4,793,1284,1094,9437248,1095,5]
06-05 17:43:53.827 10034  3373  3647 I sysui_multi_action: [757,1093,758,4,793,1784,1094,9437248,1095,5]
06-05 17:43:56.770 10034  3373  3647 I sysui_multi_action: [757,1093,758,4,793,2943,1094,9437248,1095,5]
06-05 17:43:59.925 10034  3373  3647 I sysui_multi_action: [757,1093,758,4,793,3155,1094,9437248,1095,5]
06-05 17:44:06.476  1000  2628  2708 I sysui_multi_action: [757,803,799,window_time_0,802,25]
06-05 17:44:30.037 10034  3373  3647 I sysui_multi_action: [757,1093,758,4,793,30112,1094,9439296,1095,5]
06-05 17:44:32.020 10034  3373  3647 I sysui_multi_action: [757,1093,758,4,793,1982,1094,9437248,1095,4]
06-05 17:44:41.567 10034  3373  3647 I sysui_multi_action: [757,1093,758,4,793,9548,1094,9437248,1095,4]
06-05 17:45:22.405  1000  2628  2628 I sysui_multi_action: [757,128,758,5,759,8,793,73445,794,0,795,60438,796,1,797,STATUS_BAR_NOTIFIER,806,com.android.dialer,857,phone_ongoing_call,858,3,947,0]
06-05 17:45:24.368  1000  2628  2708 I sysui_multi_action: [757,803,799,window_time_0,802,77]
06-05 17:45:24.454  1000  2628  2708 I sysui_multi_action: [757,803,799,window_time_0,802,1]
06-05 17:45:46.924  1000  2628  2765 I sysui_multi_action: [319,657,322,656,325,12726,757,761,758,7,759,2,806,com.android.contacts,871,com.android.contacts.quickcontact.QuickContactActivity,904,com.android.dialer,905,0,945,133]
06-05 17:45:48.088  1000  2628  2708 I sysui_multi_action: [757,803,799,window_time_0,802,23]
06-05 17:45:48.186  1000 26371 26371 I sysui_multi_action: [757,453,758,4,806,android.intent.action.CALL:null:]
06-05 17:45:48.250  1000  2628  2765 I sysui_multi_action: [319,198,322,197,325,12727,757,761,758,7,759,2,806,android,871,com.android.internal.app.ResolverActivity,904,com.android.contacts,905,0,945,51]
06-05 17:45:51.785  1000 26371 26371 I sysui_multi_action: [757,455,758,4]
06-05 17:45:51.785  1000 26371 26371 I sysui_multi_action: [757,454,758,4]
06-05 17:45:51.802  1000  2628  2708 I sysui_multi_action: [757,803,799,window_time_0,802,4]
06-05 17:45:51.851  1000  2628  2708 I sysui_multi_action: [757,803,799,window_time_0,802,0]
06-05 17:45:51.968  1000  2628  2708 I sysui_multi_action: [757,803,799,window_time_0,802,0]
06-05 17:45:52.054  1000  2628  2708 I sysui_multi_action: [757,803,799,window_time_0,802,0]
06-05 17:45:52.160  1000  2628  2708 I sysui_multi_action: [757,803,799,window_time_0,802,0]
06-05 17:45:54.742 10034  3373  3647 I sysui_multi_action: [757,1093,758,4,793,73175,1094,9439296,1095,5]
06-05 17:46:02.621 10034  3373  3647 I sysui_multi_action: [757,1093,758,4,793,7879,1094,9437248,1095,4]
06-05 17:46:31.076  1000  2628  2628 I sysui_multi_action: [757,128,758,5,759,8,793,37170,794,0,795,32376,796,1,797,STATUS_BAR_NOTIFIER,806,com.android.dialer,857,phone_ongoing_call,858,3,947,0]
06-05 17:46:33.056  1000  2628  2708 I sysui_multi_action: [757,803,799,window_time_0,802,41]
06-05 17:46:33.152  1000  2628  2708 I sysui_multi_action: [757,803,799,window_time_0,802,0]
06-05 17:47:34.392  1000  2628  2763 I sysui_multi_action: [757,223,758,1]
06-05 17:47:34.414 10034  3373  3373 I sysui_multi_action: [757,196,758,2,759,0]
06-05 17:47:34.422 10034  3373  3373 I sysui_multi_action: [757,111,758,1]
06-05 17:47:34.422 10034  3373  3373 I sysui_multi_action: [757,126,758,1,759,126,833,0,927,0,928,0]
06-05 17:47:34.422 10034  3373  3373 I sysui_multi_action: [757,113,758,1,759,113,833,0,927,1,928,0]
06-05 17:47:34.422 10034  3373  3373 I sysui_multi_action: [757,118,758,1,759,118,833,0,927,2,928,0]
06-05 17:47:34.422 10034  3373  3373 I sysui_multi_action: [757,119,758,1,759,119,833,0,927,3,928,0]
06-05 17:47:34.422 10034  3373  3373 I sysui_multi_action: [757,123,758,1,759,123,833,0,927,4,928,1]
06-05 17:47:34.422 10034  3373  3373 I sysui_multi_action: [757,261,758,1,759,261,833,0,927,5,928,0]
06-05 17:47:34.431  1000  2628 10460 I sysui_multi_action: [757,127,758,1]
06-05 17:47:34.431  1000  2628 10460 I sysui_multi_action: [757,804,799,note_load,801,0,802,1]
06-05 17:47:34.442  1000  2628  2628 I sysui_multi_action: [757,198,758,2,759,3]
06-05 17:47:34.442  1000  2628  2628 I sysui_multi_action: [757,804,799,screen_timeout,801,60,802,1]
06-05 17:47:34.487  1000  2628  8538 I sysui_multi_action: [757,127,758,2]
06-05 17:47:38.744 10034  3373  3373 I sysui_multi_action: [757,196,758,1,759,0]
06-05 17:59:27.189  1000  2628  3206 I sysui_multi_action: [757,804,799,power_consecutive_short_tap_count,801,1,802,1]
06-05 17:59:27.190  1000  2628  3206 I sysui_multi_action: [757,804,799,power_double_tap_interval,801,952168,802,1]
06-05 17:59:27.248  1000  2628  3585 I sysui_multi_action: [757,127,758,1]
06-05 17:59:27.248  1000  2628  3585 I sysui_multi_action: [757,804,799,note_load,801,0,802,1]
06-05 17:59:27.417  1000  2628  2770 I sysui_multi_action: [757,198,758,1,759,0,793,234]
06-05 17:59:27.440  1000  2628  2763 I sysui_multi_action: [757,223,758,2]
06-05 17:59:27.440  1000  2628  2763 I sysui_multi_action: [757,804,799,dozing_minutes,801,11,802,1]
06-05 17:59:28.640 10034  3373  3373 I sysui_multi_action: [757,186,758,4,826,637,827,5475]
06-05 17:59:28.651  1000  2628  3585 I sysui_multi_action: [757,127,758,2]
06-05 17:59:28.742 10034  3373  3373 I sysui_multi_action: [757,111,758,2]
06-05 17:59:28.748 10034  3373  3373 I sysui_multi_action: [757,196,758,2,759,0]
06-05 17:59:47.643 10034  3373  3647 I sysui_multi_action: [757,1093,758,4,793,825021,1094,9437248,1095,4]
06-05 17:59:56.666 10034  3373  3647 I sysui_multi_action: [757,1093,758,4,793,9023,1094,9437248,1095,4]
06-05 17:59:57.703 10034  3373  3647 I sysui_multi_action: [757,1093,758,4,793,1037,1094,9437248,1095,4]
06-05 18:00:01.735 10034  3373  3647 I sysui_multi_action: [757,1093,758,4,793,4032,1094,9437248,1095,4]
06-05 18:00:07.148 10034  3373  3373 I sysui_multi_action: [757,931,758,4,759,3,932,0,933,0]
06-05 18:00:07.182 10034  3373  3373 I sysui_multi_action: [757,931,758,4,759,3,932,0,933,1]
06-05 18:00:07.236  1000  2628  2708 I sysui_multi_action: [757,803,799,window_time_0,802,814]
06-05 18:00:07.359  1000  2628  2765 I sysui_multi_action: [319,156,322,134,325,13586,757,761,758,9,759,2,806,com.smartron.tronxlauncher,871,com.smartron.smextension.TronxLauncher,905,0]
06-05 18:00:09.776  1000  2628  2708 I sysui_multi_action: [757,803,799,window_time_0,802,3]
06-05 18:00:11.335  1000  2628  6429 I sysui_multi_action: [324,0,757,1090,758,12,806,com.google.android.apps.tachyon,871,com.google.android.apps.tachyon.MainActivity,1091,1613]
06-05 18:00:12.176  1000  2628  2765 I sysui_multi_action: [319,82,321,79,322,2445,325,13589,757,761,758,7,759,1,806,com.google.android.apps.tachyon,871,com.google.android.apps.tachyon.MainActivity,904,com.smartron.tronxlauncher,905,0,945,66]
06-05 18:00:12.917 10034  3373  3647 I sysui_multi_action: [757,1093,758,4,793,11183,1094,9437248,1095,4]
06-05 18:00:14.253  1000  2628  2708 I sysui_multi_action: [757,803,799,window_time_0,802,4]
06-05 18:00:14.459 10021 27398 27398 I sysui_multi_action: [757,646,758,4,806,com.google.android.apps.tachyon]
06-05 18:00:14.459 10021 27398 27398 I sysui_multi_action: [757,650,758,4,806,com.google.android.apps.tachyon]
06-05 18:00:14.620  1000  2628  2765 I sysui_multi_action: [319,474,322,473,325,13593,757,761,758,7,759,2,806,com.google.android.packageinstaller,871,com.android.packageinstaller.permission.ui.GrantPermissionsActivity,904,com.google.android.apps.tachyon,905,0,945,142]
06-05 18:00:14.927 10034  3373  3647 I sysui_multi_action: [757,1093,758,4,793,2009,1094,9437248,1095,4]
06-05 18:00:15.561  1000  2628 10728 I sysui_multi_action: [757,651,758,4,806,com.google.android.apps.tachyon]
06-05 18:00:15.562  1000  2628 10728 I sysui_multi_action: [757,655,758,4,806,com.google.android.apps.tachyon]
06-05 18:00:15.563  1000  2628 10728 I sysui_multi_action: [757,647,758,4,806,com.google.android.apps.tachyon]
06-05 18:00:15.620  1000  2628  2708 I sysui_multi_action: [757,803,799,window_time_0,802,2]
06-05 18:00:15.620  1000  2628  2708 I sysui_multi_action: [757,803,799,window_time_0,802,0]
06-05 18:00:15.962 10034  3373  3647 I sysui_multi_action: [757,1093,758,4,793,1036,1094,9437248,1095,4]
06-05 18:00:16.578  1000  2628  2765 I sysui_multi_action: [319,671,322,670,325,13595,757,761,758,7,759,2,806,com.google.android.gms,871,com.google.android.gms.auth.api.credentials.ui.CredentialPickerActivity,904,com.google.android.apps.tachyon,905,0,945,191]
06-05 18:00:18.938 10034  3373  3647 I sysui_multi_action: [757,1093,758,4,793,2976,1094,9437248,1095,4]
06-05 18:00:19.605 10034  3373  3373 I sysui_multi_action: [757,803,799,panel_open,802,1]
06-05 18:00:19.624  1000  2628  3525 I sysui_multi_action: [757,127,758,1]
06-05 18:00:19.624  1000  2628  3525 I sysui_multi_action: [757,804,799,note_load,801,0,802,1]
06-05 18:00:19.950 10034  3373  3647 I sysui_multi_action: [757,1093,758,4,793,1012,1094,9437248,1095,4]
06-05 18:00:20.342 10034  3373  3373 I sysui_multi_action: [757,490,758,4]
06-05 18:00:20.535  1000  2628  2708 I sysui_multi_action: [757,803,799,window_time_0,802,5]
06-05 18:00:20.755  1000  2628 10846 I sysui_multi_action: [757,127,758,2]
06-05 18:00:20.921  1000 27469 27469 I sysui_multi_action: [757,35,758,1,833,0]
06-05 18:00:20.990 10034  3373  3647 I sysui_multi_action: [757,1093,758,4,793,1040,1094,9437248,1095,4]
06-05 18:00:21.047  1000  2628  2765 I sysui_multi_action: [319,329,321,273,322,693,325,13600,757,761,758,7,759,1,806,com.android.settings,871,com.android.settings.Settings,904,com.android.systemui,905,0,945,188]
06-05 18:00:22.103  1000 27469 27469 I sysui_multi_action: [757,35,758,2]
06-05 18:00:22.114  1000  2628  2708 I sysui_multi_action: [757,803,799,window_time_0,802,1]
06-05 18:00:22.414  1000 27469 27469 I sysui_multi_action: [757,746,758,1,833,35]
06-05 18:00:22.972 10034  3373  3647 I sysui_multi_action: [757,1093,758,4,793,1982,1094,9437248,1095,4]
06-05 18:00:23.543  1000 27469 27469 I sysui_multi_action: [757,746,758,2]
06-05 18:00:23.563  1000  2628  2708 I sysui_multi_action: [757,803,799,window_time_0,802,2]
06-05 18:00:23.648  1000  2628  2708 I sysui_multi_action: [757,803,799,window_time_0,802,0]
06-05 18:00:23.665  1000  2628  2708 I sysui_multi_action: [757,803,799,window_time_0,802,0]
06-05 18:00:25.791  1000  2628  2708 I sysui_multi_action: [757,803,799,window_time_0,802,2]
06-05 18:00:25.798 10034  3373  3373 I sysui_multi_action: [757,803,799,overview_trigger_nav_btn,802,1]
06-05 18:00:25.798 10034  3373  3373 I sysui_multi_action: [757,803,799,overview_source_app,802,1]
06-05 18:00:25.799 10034  3373  3373 I sysui_multi_action: [757,804,799,overview_source_app_index,801,2,802,1]
06-05 18:00:25.799 10034  3373  3373 I sysui_multi_action: [757,804,799,overview_task_count,801,3,802,1]
06-05 18:00:25.800 10034  3373  3373 I sysui_multi_action: [757,224,758,1]
06-05 18:00:25.979  1000  2628  2765 I sysui_multi_action: [319,229,322,186,325,13605,757,761,758,9,759,2,806,com.android.systemui,871,com.android.systemui.recents.RecentsActivity,904,com.android.systemui,905,0]
06-05 18:00:26.885 10034  3373  3373 I sysui_multi_action: [757,277,758,4,806,ComponentInfo{com.google.android.apps.tachyon/com.google.android.apps.tachyon.MainActivity}]
06-05 18:00:26.952  1000  2628  2708 I sysui_multi_action: [757,803,799,window_time_0,802,1]
06-05 18:00:26.965 10034  3373  3373 I sysui_multi_action: [757,804,799,overview_task_launch_index,801,1,802,1]
06-05 18:00:27.063  1000  2628  2765 I sysui_multi_action: [319,171,321,61,322,135,325,13606,757,761,758,9,759,2,806,com.google.android.gms,871,com.google.android.gms.auth.api.credentials.ui.CredentialPickerActivity,904,com.google.android.apps.tachyon,905,0]
06-05 18:00:27.460 10034  3373  3373 I sysui_multi_action: [757,224,758,2]
06-05 18:00:29.005  1000  2628  2708 I sysui_multi_action: [757,803,799,window_time_0,802,2]
06-05 18:00:29.055  1000  2628  2708 I sysui_multi_action: [757,803,799,window_time_0,802,0]
06-05 18:00:39.180  1000  2628  2708 I sysui_multi_action: [757,803,799,window_time_0,802,10]
06-05 18:00:39.250 10021 27398 27398 I sysui_multi_action: [757,642,758,4,806,com.google.android.apps.tachyon]
06-05 18:00:39.251 10021 27398 27398 I sysui_multi_action: [757,666,758,4,806,com.google.android.apps.tachyon]
06-05 18:00:39.330  1000  2628  2765 I sysui_multi_action: [319,188,322,187,325,13618,757,761,758,8,759,2,806,com.google.android.packageinstaller,871,com.android.packageinstaller.permission.ui.GrantPermissionsActivity,904,com.google.android.apps.tachyon,905,0]
06-05 18:00:42.034 10034  3373  3647 I sysui_multi_action: [757,1093,758,4,793,19061,1094,9437248,1095,4]
06-05 18:00:43.076 10034  3373  3647 I sysui_multi_action: [757,1093,758,4,793,1042,1094,9437248,1095,4]
06-05 18:00:43.773  1000  2628 10728 I sysui_multi_action: [757,643,758,4,806,com.google.android.apps.tachyon]
06-05 18:00:44.691  1000  2628  4812 I sysui_multi_action: [757,667,758,4,806,com.google.android.apps.tachyon]
06-05 18:00:44.708  1000  2628  2708 I sysui_multi_action: [757,803,799,window_time_0,802,6]
06-05 18:00:44.738  1000  2628  2708 I sysui_multi_action: [757,803,799,window_time_0,802,0]
06-05 18:00:45.223  1000  2628 10728 I sysui_multi_action: [757,824,758,4,825,0.562500]
06-05 18:00:53.071 10034  3373  3647 I sysui_multi_action: [757,1093,758,4,793,9996,1094,9437248,1095,4]
06-05 18:00:54.112 10034  3373  3647 I sysui_multi_action: [757,1093,758,4,793,1041,1094,9437248,1095,4]
06-05 18:01:08.206 10034  3373  3647 I sysui_multi_action: [757,1093,758,4,793,14094,1094,9437248,1095,4]
06-05 18:01:10.150 10034  3373  3647 I sysui_multi_action: [757,1093,758,4,793,1943,1094,9437248,1095,4]
06-05 18:01:11.199 10034  3373  3647 I sysui_multi_action: [757,1093,758,4,793,1050,1094,9437248,1095,4]
06-05 18:01:13.213 10034  3373  3647 I sysui_multi_action: [757,1093,758,4,793,2013,1094,9437248,1095,4]
06-05 18:01:13.484  1000  2628  6429 I sysui_multi_action: [757,824,758,4,825,0.562500]
06-05 18:01:15.202 10034  3373  3647 I sysui_multi_action: [757,1093,758,4,793,1990,1094,9437248,1095,4]
06-05 18:01:45.394 10034  3373  3647 I sysui_multi_action: [757,1093,758,4,793,30191,1094,9437248,1095,4]
06-05 18:01:51.393 10034  3373  3647 I sysui_multi_action: [757,1093,758,4,793,5999,1094,9437248,1095,4]
06-05 18:01:51.786  1000  2628  6590 I sysui_multi_action: [757,824,758,4,825,0.562500]
06-05 18:01:53.360 10034  3373  3647 I sysui_multi_action: [757,1093,758,4,793,1968,1094,9437248,1095,4]
06-05 18:01:54.378 10034  3373  3647 I sysui_multi_action: [757,1093,758,4,793,1017,1094,9437248,1095,4]
06-05 18:01:56.374 10034  3373  3647 I sysui_multi_action: [757,1093,758,4,793,1996,1094,9437248,1095,4]
06-05 18:01:57.412 10034  3373  3647 I sysui_multi_action: [757,1093,758,4,793,1039,1094,9437248,1095,4]
06-05 18:02:00.429 10034  3373  3647 I sysui_multi_action: [757,1093,758,4,793,3017,1094,9437248,1095,4]
06-05 18:02:03.495 10034  3373  3647 I sysui_multi_action: [757,1093,758,4,793,3066,1094,9437248,1095,4]
06-05 18:02:05.450 10034  3373  3647 I sysui_multi_action: [757,1093,758,4,793,1954,1094,9437248,1095,4]
06-05 18:02:06.466 10034  3373  3647 I sysui_multi_action: [757,1093,758,4,793,1016,1094,9437248,1095,4]
06-05 18:02:07.503 10034  3373  3647 I sysui_multi_action: [757,1093,758,4,793,1037,1094,9437248,1095,4]
06-05 18:02:10.477 10034  3373  3647 I sysui_multi_action: [757,1093,758,4,793,2975,1094,9437248,1095,4]
06-05 18:02:11.518 10034  3373  3647 I sysui_multi_action: [757,1093,758,4,793,1041,1094,9437248,1095,4]
06-05 18:02:13.528 10034  3373  3647 I sysui_multi_action: [757,1093,758,4,793,2010,1094,9437248,1095,4]
06-05 18:02:16.573 10034  3373  3647 I sysui_multi_action: [757,1093,758,4,793,3044,1094,9437248,1095,4]
06-05 18:02:18.548 10034  3373  3647 I sysui_multi_action: [757,1093,758,4,793,1976,1094,9437248,1095,4]
06-05 18:02:19.590 10034  3373  3647 I sysui_multi_action: [757,1093,758,4,793,1041,1094,9437248,1095,4]
06-05 18:02:21.603 10034  3373  3647 I sysui_multi_action: [757,1093,758,4,793,2014,1094,9437248,1095,4]
06-05 18:02:24.618 10034  3373  3647 I sysui_multi_action: [757,1093,758,4,793,3015,1094,9437248,1095,4]
06-05 18:02:26.594 10034  3373  3647 I sysui_multi_action: [757,1093,758,4,793,1976,1094,9437248,1095,4]
06-05 18:02:27.637 10034  3373  3647 I sysui_multi_action: [757,1093,758,4,793,1043,1094,9437248,1095,4]
06-05 18:02:28.672 10034  3373  3647 I sysui_multi_action: [757,1093,758,4,793,1035,1094,9437248,1095,4]
06-05 18:02:32.683 10034  3373  3647 I sysui_multi_action: [757,1093,758,4,793,4011,1094,9437248,1095,4]
06-05 18:02:34.666 10034  3373  3647 I sysui_multi_action: [757,1093,758,4,793,1983,1094,9437248,1095,4]
06-05 18:02:36.659 10034  3373  3647 I sysui_multi_action: [757,1093,758,4,793,1993,1094,9437248,1095,4]
06-05 18:02:38.704 10034  3373  3647 I sysui_multi_action: [757,1093,758,4,793,2045,1094,9437248,1095,4]
06-05 18:02:39.752 10034  3373  3647 I sysui_multi_action: [757,1093,758,4,793,1048,1094,9437248,1095,4]
06-05 18:02:42.726 10034  3373  3647 I sysui_multi_action: [757,1093,758,4,793,2974,1094,9437248,1095,4]
06-05 18:02:43.765 10034  3373  3647 I sysui_multi_action: [757,1093,758,4,793,1038,1094,9437248,1095,4]
06-05 18:02:46.766 10034  3373  3647 I sysui_multi_action: [757,1093,758,4,793,3002,1094,9437248,1095,4]
06-05 18:02:48.765 10034  3373  3647 I sysui_multi_action: [757,1093,758,4,793,1999,1094,9437248,1095,4]
06-05 18:02:49.769 10034  3373  3647 I sysui_multi_action: [757,1093,758,4,793,1004,1094,9437248,1095,4]
06-05 18:02:52.781 10034  3373  3647 I sysui_multi_action: [757,1093,758,4,793,3012,1094,9437248,1095,4]
06-05 18:02:53.814 10034  3373  3647 I sysui_multi_action: [757,1093,758,4,793,1033,1094,9437248,1095,4]
06-05 18:02:55.802 10034  3373  3647 I sysui_multi_action: [757,1093,758,4,793,1988,1094,9437248,1095,4]
06-05 18:02:56.819 10034  3373  3647 I sysui_multi_action: [757,1093,758,4,793,1017,1094,9437248,1095,4]
06-05 18:02:57.848 10034  3373  3647 I sysui_multi_action: [757,1093,758,4,793,1029,1094,9437248,1095,4]
06-05 18:02:58.857 10034  3373  3647 I sysui_multi_action: [757,1093,758,4,793,1009,1094,9437248,1095,4]
06-05 18:02:59.896 10034  3373  3647 I sysui_multi_action: [757,1093,758,4,793,1039,1094,9437248,1095,4]
06-05 18:03:00.783  1000  2628  2628 I sysui_multi_action: [757,128,758,5,759,8,793,115837,794,0,795,71758,796,-1,806,com.google.android.apps.tachyon,857,notification_channel_call_n-3e0f0557,858,3,947,0]
06-05 18:03:01.254  1000  2628  8538 I sysui_multi_action: [757,824,758,4,825,0.562500]
06-05 18:03:01.316  1000  2628  5476 I sysui_multi_action: [757,824,758,4,825,0.562500]
06-05 18:03:01.855 10034  3373  3647 I sysui_multi_action: [757,1093,758,4,793,1959,1094,9437248,1095,4]
06-05 18:03:03.883 10034  3373  3647 I sysui_multi_action: [757,1093,758,4,793,2028,1094,9437248,1095,4]
06-05 18:03:03.927 10034  3373  3373 I sysui_multi_action: [757,931,758,4,759,3,932,0,933,0]
06-05 18:03:03.951 10034  3373  3373 I sysui_multi_action: [757,931,758,4,759,3,932,0,933,1]
06-05 18:03:04.039  1000  2628  2708 I sysui_multi_action: [757,803,799,window_time_0,802,139]
06-05 18:03:04.248  1000  2628  2765 I sysui_multi_action: [319,281,322,258,325,13763,757,761,758,9,759,2,806,com.smartron.tronxlauncher,871,com.smartron.smextension.TronxLauncher,905,0]
06-05 18:03:04.884 10034  3373  3647 I sysui_multi_action: [757,1093,758,4,793,1001,1094,9437248,1095,4]
06-05 18:03:04.991 10034  3373  3373 I sysui_multi_action: [757,803,799,panel_open,802,1]
06-05 18:03:04.999  1000  2628  5476 I sysui_multi_action: [757,127,758,1]
06-05 18:03:04.999  1000  2628  5476 I sysui_multi_action: [757,804,799,note_load,801,1,802,1]
06-05 18:03:05.501  1000  2628  5476 I sysui_multi_action: [757,128,758,1,793,55988,794,0,795,55988,796,32,798,0,806,android,857,USB,858,1,947,0]
06-05 18:03:05.501  1000  2628  5476 I sysui_multi_action: [757,804,799,note_freshness,801,55988,802,1]
06-05 18:03:05.524 10034  3373  3373 I sysui_multi_action: [757,490,758,4]
06-05 18:03:05.561  1000  2628  2708 I sysui_multi_action: [757,803,799,window_time_0,802,2]
06-05 18:03:05.561  1000  2628  2708 I sysui_multi_action: [757,803,799,window_time_0,802,0]
06-05 18:03:05.578  1000  2628  2708 I sysui_multi_action: [757,803,799,window_time_0,802,0]
06-05 18:03:05.661  1000 27469 27469 I sysui_multi_action: [757,35,758,1,833,0]
06-05 18:03:05.754  1000  2628  2765 I sysui_multi_action: [319,213,322,212,325,13765,757,761,758,9,759,2,806,com.qualcomm.qti.simsettings,871,com.qualcomm.qti.simsettings.SimSettingsActivity,904,com.android.settings,905,0]
06-05 18:03:05.908  1000  2628  5476 I sysui_multi_action: [757,128,758,2,793,56396,794,408,795,56396,796,32,798,0,806,android,857,USB,858,1,947,0]
06-05 18:03:05.909  1000  2628  5476 I sysui_multi_action: [757,127,758,2]
06-05 18:03:06.143 10034  3373  3647 I sysui_multi_action: [757,1093,758,4,793,1258,1094,9437248,1095,4]
06-05 18:03:07.441  1000 27469 27469 I sysui_multi_action: [757,830,758,4,806,com.google.android.gms/com.google.android.gms.app.settings.GoogleSettingsIALink,833,35]
06-05 18:03:07.487  1000 27469 27469 I sysui_multi_action: [757,35,758,2]
06-05 18:03:07.519  1000  2628  2708 I sysui_multi_action: [757,803,799,window_time_0,802,1]
06-05 18:03:08.166 10034  3373  3373 I sysui_multi_action: [757,931,758,4,759,4,932,0,933,0]
06-05 18:03:08.167  1000  2628  5476 I sysui_multi_action: [757,803,799,key_back_down,802,1]
06-05 18:03:08.226 10034  3373  3373 I sysui_multi_action: [757,931,758,4,759,4,932,0,933,1]
06-05 18:03:08.227  1000  2628  2765 I sysui_multi_action: [319,119,321,96,322,770,325,13767,757,761,758,7,759,1,806,com.google.android.gms,871,com.google.android.gms.app.settings.GoogleSettingsIALink,904,com.android.settings,905,0,945,103]
06-05 18:03:08.238  1000  2628  2708 I sysui_multi_action: [757,803,799,window_time_0,802,1]
06-05 18:03:08.261  1000  2628  2708 I sysui_multi_action: [757,803,799,window_time_0,802,0]
06-05 18:03:08.269  1000 27469 27469 I sysui_multi_action: [757,35,758,1,833,0]
06-05 18:03:09.785  1000 27469 27469 I sysui_multi_action: [757,35,758,2]
06-05 18:03:09.796  1000  2628  2708 I sysui_multi_action: [757,803,799,window_time_0,802,2]
06-05 18:03:09.978  1000 27469 27469 I sysui_multi_action: [757,744,758,1,833,35]
06-05 18:03:10.195 10034  3373  3647 I sysui_multi_action: [757,1093,758,4,793,4053,1094,9437248,1095,4]
06-05 18:03:10.864  1000 27469 27469 I sysui_multi_action: [757,744,758,2]
06-05 18:03:10.877  1000  2628  2708 I sysui_multi_action: [757,803,799,window_time_0,802,1]
06-05 18:03:11.017  1000 27469 27469 I sysui_multi_action: [757,40,758,1,833,744]
06-05 18:03:14.411  1000 27469 27469 I sysui_multi_action: [757,847,758,4,806,,848,0]
06-05 18:03:15.214  1000 27469 27469 I sysui_multi_action: [757,847,758,4,806,,848,0]
06-05 18:03:15.404  1000 27469 27469 I sysui_multi_action: [757,847,758,4,806,,848,1]
06-05 18:03:15.404  1000 27469 27469 I sysui_multi_action: [757,847,758,4,806,,848,0]
06-05 18:03:16.269 10034  3373  3373 I sysui_multi_action: [757,931,758,4,759,4,932,0,933,0]
06-05 18:03:16.270  1000  2628  5476 I sysui_multi_action: [757,803,799,key_back_down,802,1]
06-05 18:03:16.312 10034  3373  3373 I sysui_multi_action: [757,931,758,4,759,4,932,0,933,1]
06-05 18:03:16.319  1000  2628  2708 I sysui_multi_action: [757,803,799,window_time_0,802,5]
06-05 18:03:16.320  1000 27469 27469 I sysui_multi_action: [757,40,758,2]
06-05 18:03:16.332  1000  2628  2708 I sysui_multi_action: [757,803,799,window_time_0,802,0]
06-05 18:03:16.338  1000 27469 27469 I sysui_multi_action: [757,744,758,1,833,35]
06-05 18:03:21.955 10034  3373  3647 I sysui_multi_action: [757,1093,758,4,793,11760,1094,9437248,1095,4]
06-05 18:03:22.993 10034  3373  3647 I sysui_multi_action: [757,1093,758,4,793,1038,1094,9437248,1095,4]
06-05 18:03:32.148  1000  2628  2628 I sysui_multi_action: [757,128,758,5,759,8,793,82636,794,26648,795,82636,796,32,806,android,857,USB,858,1,947,0]
06-05 18:03:32.213 10034  3373  3647 I sysui_multi_action: [757,1093,758,4,793,9219,1094,9437248,1095,4]
06-05 18:03:33.785 10034  3373  3647 I sysui_multi_action: [757,1093,758,4,793,1573,1094,9437248,1095,4]
06-05 18:03:35.282 10034  3373  3647 I sysui_multi_action: [757,1093,758,4,793,1496,1094,9437248,1095,4]
06-05 18:03:36.753 10034  3373  3647 I sysui_multi_action: [757,1093,758,4,793,1471,1094,9437248,1095,4]
06-05 18:03:37.754  1000 27469 27469 I sysui_multi_action: [757,744,758,2]
06-05 18:03:37.763  1000  2628  2708 I sysui_multi_action: [757,803,799,window_time_0,802,22]
06-05 18:03:37.827  1000 27469 28632 I sysui_multi_action: [757,803,799,development.DevelopmentSettings/bluetooth_select_avrcp_version|avrcp14,802,1]
06-05 18:03:37.828  1000 27469 28628 I sysui_multi_action: [757,803,799,development.DevelopmentSettings/bluetooth_select_a2dp_sample_rate|0,802,1]
06-05 18:03:37.828  1000 27469 28627 I sysui_multi_action: [757,803,799,development.DevelopmentSettings/bluetooth_select_a2dp_codec|1000000,802,1]
06-05 18:03:37.828  1000 27469 28626 I sysui_multi_action: [757,803,799,development.DevelopmentSettings/bluetooth_select_a2dp_bits_per_sample|0,802,1]
06-05 18:03:37.829  1000 27469 28632 I sysui_multi_action: [757,803,799,development.DevelopmentSettings/bluetooth_select_a2dp_channel_mode|0,802,1]
06-05 18:03:37.829  1000 27469 28627 I sysui_multi_action: [757,803,799,development.DevelopmentSettings/bluetooth_select_a2dp_ldac_playback_quality|1003,802,1]
06-05 18:03:37.880  1000 27469 27469 I sysui_multi_action: [757,39,758,1,833,744]
06-05 18:03:37.894  1000 27469 28632 I sysui_multi_action: [757,803,799,development.DevelopmentSettings/track_frame_time|false,802,1]
06-05 18:03:37.895  1000 27469 28627 I sysui_multi_action: [757,803,799,development.DevelopmentSettings/show_non_rect_clip|hide,802,1]
06-05 18:03:37.896  1000 27469 28628 I sysui_multi_action: [757,803,799,development.DevelopmentSettings/debug_hw_overdraw|false,802,1]
06-05 18:03:37.897  1000 27469 28626 I sysui_multi_action: [757,803,799,development.DevelopmentSettings/debug_hw_renderer|opengl,802,1]
06-05 18:03:37.898  1000 27469 28632 I sysui_multi_action: [757,803,799,development.DevelopmentSettings/window_animation_scale|1,802,1]
06-05 18:03:37.899  1000 27469 28627 I sysui_multi_action: [757,803,799,development.DevelopmentSettings/transition_animation_scale|1,802,1]
06-05 18:03:37.900  1000 27469 28628 I sysui_multi_action: [757,803,799,development.DevelopmentSettings/animator_duration_scale|1,802,1]
06-05 18:03:37.901  1000 27469 28626 I sysui_multi_action: [757,803,799,development.DevelopmentSettings/overlay_display_devices|,802,1]
06-05 18:03:37.903  1000 27469 28632 I sysui_multi_action: [757,803,799,development.DevelopmentSettings/app_process_limit|-1,802,1]
06-05 18:03:37.907  1000 27469 28627 I sysui_multi_action: [757,803,799,development.DevelopmentSettings/select_logd_size|262144,802,1]
06-05 18:03:37.937  1000 27469 28628 I sysui_multi_action: [757,803,799,development.DevelopmentSettings/simulate_color_space|-1,802,1]
06-05 18:03:38.135  1000 27469 28626 I sysui_multi_action: [757,803,799,development.DevelopmentSettings/select_usb_configuration|mtp,802,1]
06-05 18:03:40.361  1000 27469 27469 I sysui_multi_action: [757,803,799,development.DevelopmentSettings/enable_adb|true,802,1]
06-05 18:03:40.362  1000 27469 27469 I sysui_multi_action: [757,853,758,4,806,,854,development.DevelopmentSettings/enable_adb,1089,1]
06-05 18:03:41.214  1000 27469 27469 I sysui_multi_action: [757,803,799,development.DevelopmentSettings/verify_apps_over_usb|true,802,1]
06-05 18:03:41.214  1000 27469 27469 I sysui_multi_action: [757,853,758,4,806,,854,development.DevelopmentSettings/verify_apps_over_usb,1089,1]
06-05 18:03:41.718  1000 27469 28632 I sysui_multi_action: [757,803,799,development.DevelopmentSettings/select_usb_configuration|none,802,1]
06-05 18:03:48.250  1000 27469 27469 I sysui_multi_action: [757,39,758,2]
06-05 18:03:48.263  1000  2628  2708 I sysui_multi_action: [757,803,799,window_time_0,802,10]
06-05 18:03:48.487  1000  2628  2765 I sysui_multi_action: [319,253,322,252,325,13807,757,761,758,8,759,2,806,com.android.systemui,871,com.android.systemui.usb.UsbDebuggingActivity,904,android,905,0]
06-05 18:03:50.726  1000  2628  2708 I sysui_multi_action: [757,803,799,window_time_0,802,3]
06-05 18:03:50.808  1000  2628  2708 I sysui_multi_action: [757,803,799,window_time_0,802,0]
06-05 18:03:50.829  1000 27469 27469 I sysui_multi_action: [757,39,758,1,833,744]
06-05 18:04:04.189 10034  3373  3647 I sysui_multi_action: [757,1093,758,4,793,27437,1094,9437248,1095,4]
06-05 18:04:12.206 10034  3373  3647 I sysui_multi_action: [757,1093,758,4,793,8017,1094,9437248,1095,4]
06-05 18:04:13.213 10034  3373  3647 I sysui_multi_action: [757,1093,758,4,793,1006,1094,9437248,1095,4]
06-05 18:04:21.679  1000 27469 27469 I sysui_multi_action: [757,39,758,2]
06-05 18:04:21.689 10034  3373  3373 I sysui_multi_action: [757,803,799,overview_trigger_nav_btn,802,1]
06-05 18:04:21.689 10034  3373  3373 I sysui_multi_action: [757,803,799,overview_source_app,802,1]
06-05 18:04:21.689 10034  3373  3373 I sysui_multi_action: [757,804,799,overview_source_app_index,801,2,802,1]
06-05 18:04:21.689 10034  3373  3373 I sysui_multi_action: [757,804,799,overview_task_count,801,3,802,1]
06-05 18:04:21.696 10034  3373  3373 I sysui_multi_action: [757,224,758,1]
06-05 18:04:21.704  1000  2628  2708 I sysui_multi_action: [757,803,799,window_time_0,802,31]
06-05 18:04:21.815  1000  2628  2765 I sysui_multi_action: [319,135,322,118,325,13841,757,761,758,9,759,2,806,com.android.systemui,871,com.android.systemui.recents.RecentsActivity,904,com.android.systemui,905,0]
06-05 18:04:22.783 10034  3373  3373 I sysui_multi_action: [757,277,758,4,806,ComponentInfo{com.google.android.apps.tachyon/com.google.android.apps.tachyon.MainActivity}]
06-05 18:04:22.854  1000  2628  2708 I sysui_multi_action: [757,803,799,window_time_0,802,1]
06-05 18:04:22.859 10034  3373  3373 I sysui_multi_action: [757,804,799,overview_task_launch_index,801,1,802,1]
06-05 18:04:23.178  1000  2628  2765 I sysui_multi_action: [319,64,321,56,322,384,325,13842,757,761,758,9,759,4,806,com.google.android.apps.tachyon,871,com.google.android.apps.tachyon.MainActivity,904,com.smartron.tronxlauncher,905,0]
06-05 18:04:23.240 10034  3373  3373 I sysui_multi_action: [757,224,758,2]
06-05 18:04:23.278 10034  3373  3647 I sysui_multi_action: [757,1093,758,4,793,10066,1094,9437248,1095,4]
06-05 18:04:30.538 10034  3373  3647 I sysui_multi_action: [757,1093,758,4,793,7260,1094,9437248,1095,4]
06-05 18:04:32.777 10034  3373  3647 I sysui_multi_action: [757,1093,758,4,793,2239,1094,9437248,1095,4]
06-05 18:04:36.170 10034  3373  3647 I sysui_multi_action: [757,1093,758,4,793,3393,1094,9437248,1095,4]
06-05 18:04:40.373 10034  3373  3647 I sysui_multi_action: [757,1093,758,4,793,4203,1094,9437248,1095,4]
06-05 18:04:45.383 10034  3373  3647 I sysui_multi_action: [757,1093,758,4,793,5009,1094,9437248,1095,4]
06-05 18:04:50.411 10034  3373  3647 I sysui_multi_action: [757,1093,758,4,793,5029,1094,9437248,1095,4]
06-05 18:04:52.439 10034  3373  3647 I sysui_multi_action: [757,1093,758,4,793,2028,1094,9437248,1095,4]
06-05 18:04:55.406 10034  3373  3647 I sysui_multi_action: [757,1093,758,4,793,2967,1094,9437248,1095,4]
06-05 18:04:56.431 10034  3373  3647 I sysui_multi_action: [757,1093,758,4,793,1025,1094,9437248,1095,4]
06-05 18:04:57.435 10034  3373  3647 I sysui_multi_action: [757,1093,758,4,793,1003,1094,9437248,1095,4]
06-05 18:04:58.442 10034  3373  3647 I sysui_multi_action: [757,1093,758,4,793,1008,1094,9437248,1095,4]
06-05 18:04:59.483 10034  3373  3647 I sysui_multi_action: [757,1093,758,4,793,1040,1094,9437248,1095,4]
06-05 18:05:04.470 10034  3373  3647 I sysui_multi_action: [757,1093,758,4,793,4988,1094,9437248,1095,4]
06-05 18:05:05.511 10034  3373  3647 I sysui_multi_action: [757,1093,758,4,793,1041,1094,9437248,1095,4]
06-05 18:05:07.553 10034  3373  3647 I sysui_multi_action: [757,1093,758,4,793,2042,1094,9437248,1095,4]
06-05 18:05:09.521 10034  3373  3647 I sysui_multi_action: [757,1093,758,4,793,1968,1094,9437248,1095,4]
06-05 18:05:12.550 10034  3373  3647 I sysui_multi_action: [757,1093,758,4,793,3029,1094,9437248,1095,4]
06-05 18:05:14.549 10034  3373  3647 I sysui_multi_action: [757,1093,758,4,793,1999,1094,9437248,1095,4]
06-05 18:05:15.583 10034  3373  3647 I sysui_multi_action: [757,1093,758,4,793,1034,1094,9437248,1095,4]
06-05 18:05:18.566 10034  3373  3647 I sysui_multi_action: [757,1093,758,4,793,2983,1094,9437248,1095,4]
06-05 18:05:19.623 10034  3373  3647 I sysui_multi_action: [757,1093,758,4,793,1057,1094,9437248,1095,4]
06-05 18:05:23.599 10034  3373  3647 I sysui_multi_action: [757,1093,758,4,793,3976,1094,9437248,1095,4]
06-05 18:05:23.863  1000  2628  2628 I sysui_multi_action: [757,128,758,5,759,8,793,32193,794,0,795,16686,796,-1,806,com.google.android.apps.tachyon,857,notification_channel_call_n-3e0f0557,858,3,947,0]
06-05 18:05:24.610 10034  3373  3647 I sysui_multi_action: [757,1093,758,4,793,1011,1094,9437248,1095,4]
06-05 18:05:25.650 10034  3373  3647 I sysui_multi_action: [757,1093,758,4,793,1040,1094,9437248,1095,4]
06-05 18:05:26.273  1000  2628  2708 I sysui_multi_action: [757,803,799,window_time_0,802,63]
06-05 18:05:27.633 10034  3373  3647 I sysui_multi_action: [757,1093,758,4,793,1982,1094,9437248,1095,4]
06-05 18:05:27.868  1000  2628  2708 I sysui_multi_action: [757,803,799,window_time_0,802,2]
06-05 18:05:27.919  1000  2628  2708 I sysui_multi_action: [757,803,799,window_time_0,802,0]
06-05 18:05:36.173 10034  3373  3647 I sysui_multi_action: [757,1093,758,4,793,8540,1094,9437248,1095,4]
06-05 18:05:38.058  1000  2628  7825 I sysui_multi_action: [757,824,758,4,825,0.562500]
06-05 18:05:41.706 10034  3373  3647 I sysui_multi_action: [757,1093,758,4,793,5534,1094,9437248,1095,4]
06-05 18:05:42.733 10034  3373  3647 I sysui_multi_action: [757,1093,758,4,793,1027,1094,9437248,1095,4]
06-05 18:05:51.177  1000  2628  7604 I sysui_multi_action: [757,824,758,4,825,0.562500]
06-05 18:05:53.794 10034  3373  3647 I sysui_multi_action: [757,1093,758,4,793,11061,1094,9437248,1095,4]
06-05 18:05:56.760 10034  3373  3647 I sysui_multi_action: [757,1093,758,4,793,2966,1094,9437248,1095,4]
06-05 18:05:57.807 10034  3373  3647 I sysui_multi_action: [757,1093,758,4,793,1047,1094,9437248,1095,4]
06-05 18:05:59.813 10034  3373  3647 I sysui_multi_action: [757,1093,758,4,793,2005,1094,9437248,1095,4]
06-05 18:06:01.813 10034  3373  3647 I sysui_multi_action: [757,1093,758,4,793,2000,1094,9437248,1095,4]
06-05 18:06:03.804 10034  3373  3647 I sysui_multi_action: [757,1093,758,4,793,1992,1094,9437248,1095,4]
06-05 18:06:04.845 10034  3373  3647 I sysui_multi_action: [757,1093,758,4,793,1041,1094,9437248,1095,4]
06-05 18:06:06.853 10034  3373  3647 I sysui_multi_action: [757,1093,758,4,793,2008,1094,9437248,1095,4]
06-05 18:06:08.866 10034  3373  3647 I sysui_multi_action: [757,1093,758,4,793,2013,1094,9437248,1095,4]
06-05 18:06:10.844 10034  3373  3647 I sysui_multi_action: [757,1093,758,4,793,1978,1094,9437248,1095,4]
06-05 18:06:11.848 10034  3373  3647 I sysui_multi_action: [757,1093,758,4,793,1004,1094,9437248,1095,4]
06-05 18:06:12.887 10034  3373  3647 I sysui_multi_action: [757,1093,758,4,793,1039,1094,9437248,1095,4]
06-05 18:06:14.853 10034  3373  3647 I sysui_multi_action: [757,1093,758,4,793,1966,1094,9437248,1095,4]
06-05 18:06:15.895 10034  3373  3647 I sysui_multi_action: [757,1093,758,4,793,1042,1094,9437248,1095,4]
06-05 18:06:17.876 10034  3373  3647 I sysui_multi_action: [757,1093,758,4,793,1981,1094,9437248,1095,4]
06-05 18:06:18.918 10034  3373  3647 I sysui_multi_action: [757,1093,758,4,793,1042,1094,9437248,1095,4]
06-05 18:06:21.922 10034  3373  3647 I sysui_multi_action: [757,1093,758,4,793,3004,1094,9437248,1095,4]
06-05 18:06:23.922 10034  3373  3647 I sysui_multi_action: [757,1093,758,4,793,2000,1094,9437248,1095,4]
06-05 18:06:26.904 10034  3373  3647 I sysui_multi_action: [757,1093,758,4,793,2982,1094,9437248,1095,4]
06-05 18:06:27.905 10034  3373  3647 I sysui_multi_action: [757,1093,758,4,793,1001,1094,9437248,1095,4]
06-05 18:06:28.942 10034  3373  3647 I sysui_multi_action: [757,1093,758,4,793,1037,1094,9437248,1095,4]
06-05 18:06:30.916 10034  3373  3647 I sysui_multi_action: [757,1093,758,4,793,1974,1094,9437248,1095,4]
06-05 18:06:31.387 10034  3373  3373 I sysui_multi_action: [757,803,799,panel_open,802,1]
06-05 18:06:31.410  1000  2628 13719 I sysui_multi_action: [757,127,758,1]
06-05 18:06:31.411  1000  2628 13719 I sysui_multi_action: [757,804,799,note_load,801,3,802,1]
06-05 18:06:31.912  1000  2628 13719 I sysui_multi_action: [757,128,758,1,793,170625,794,0,795,170625,796,26,798,1,806,android,857,DEVELOPER,858,2,947,0]
06-05 18:06:31.912  1000  2628 13719 I sysui_multi_action: [757,804,799,note_freshness,801,170625,802,1]
06-05 18:06:31.913  1000  2628 13719 I sysui_multi_action: [757,128,758,1,793,55804,794,0,795,41822,796,-1,798,0,806,com.google.android.apps.tachyon,857,notification_channel_call_n-3e0f0557,858,3,947,0]
06-05 18:06:31.913  1000  2628 13719 I sysui_multi_action: [757,804,799,note_freshness,801,41822,802,1]
06-05 18:06:31.913  1000  2628 13719 I sysui_multi_action: [757,128,758,1,793,176402,794,0,795,176402,796,32,798,2,806,android,857,USB,858,1,947,0]
06-05 18:06:31.913  1000  2628 13719 I sysui_multi_action: [757,804,799,note_freshness,801,176402,802,1]
06-05 18:06:31.919 10034  3373  3647 I sysui_multi_action: [757,1093,758,4,793,1003,1094,9437248,1095,4]
06-05 18:06:32.942 10034  3373  3647 I sysui_multi_action: [757,1093,758,4,793,1023,1094,9437248,1095,4]
06-05 18:06:33.893 10034  3373  3373 I sysui_multi_action: [757,925,758,4,759,126,833,0,927,0,928,0]
06-05 18:06:33.964 10034  3373  3647 I sysui_multi_action: [757,1093,758,4,793,1022,1094,9437248,1095,4]
06-05 18:06:34.772  1000  2628  7604 I sysui_multi_action: [757,128,758,2,793,173484,794,2859,795,173484,796,26,798,1,806,android,857,DEVELOPER,858,2,947,0]
06-05 18:06:34.772  1000  2628  7604 I sysui_multi_action: [757,128,758,2,793,58664,794,2860,795,44682,796,-1,798,0,806,com.google.android.apps.tachyon,857,notification_channel_call_n-3e0f0557,858,3,947,0]
06-05 18:06:34.772  1000  2628  7604 I sysui_multi_action: [757,128,758,2,793,179261,794,2859,795,179261,796,32,798,2,806,android,857,USB,858,1,947,0]
06-05 18:06:34.773  1000  2628  7604 I sysui_multi_action: [757,127,758,2]
06-05 18:06:34.994 10034  3373  3647 I sysui_multi_action: [757,1093,758,4,793,1029,1094,9437248,1095,4]
06-05 18:06:36.172 10034  3373  3647 I sysui_multi_action: [757,1093,758,4,793,1178,1094,9470016,1095,5]
06-05 18:06:37.435 10034  3373  3647 I sysui_multi_action: [757,1093,758,4,793,1264,1094,9470016,1095,5]
06-05 18:06:39.014  1000  2628  2628 I sysui_multi_action: [757,128,758,5,759,8,793,62906,794,7102,795,48924,796,-1,806,com.google.android.apps.tachyon,857,notification_channel_call_n-3e0f0557,858,3,947,0]
06-05 18:06:39.106 10034  3373  3647 I sysui_multi_action: [757,1093,758,4,793,1670,1094,9470016,1095,5]
06-05 18:06:39.462  1000  2628  7826 I sysui_multi_action: [757,824,758,4,825,0.562500]
06-05 18:06:39.560  1000  2628  7826 I sysui_multi_action: [757,824,758,4,825,0.562500]
06-05 18:06:40.113 10034  3373  3647 I sysui_multi_action: [757,1093,758,4,793,1007,1094,9470016,1095,5]
06-05 18:06:42.046 10034  3373  3647 I sysui_multi_action: [757,1093,758,4,793,1933,1094,9470016,1095,5]
06-05 18:06:45.618 10034  3373  3647 I sysui_multi_action: [757,1093,758,4,793,3573,1094,9470016,1095,5]
06-05 18:06:46.804  1000  2628  7823 I sysui_multi_action: [757,824,758,4,825,0.562500]
06-05 18:06:47.013 10034  3373  3647 I sysui_multi_action: [757,1093,758,4,793,1394,1094,9470016,1095,5]
06-05 18:06:48.021 10034  3373  3647 I sysui_multi_action: [757,1093,758,4,793,1008,1094,9470016,1095,5]
06-05 18:06:49.060 10034  3373  3647 I sysui_multi_action: [757,1093,758,4,793,1040,1094,9470016,1095,5]
06-05 18:06:50.563  1000  2628  4787 I sysui_multi_action: [757,824,758,4,825,0.562500]
06-05 18:06:51.640 10034  3373  3647 I sysui_multi_action: [757,1093,758,4,793,2580,1094,9470016,1095,5]
06-05 18:06:53.095 10034  3373  3647 I sysui_multi_action: [757,1093,758,4,793,1454,1094,9470016,1095,5]
06-05 18:06:54.672 10034  3373  3647 I sysui_multi_action: [757,1093,758,4,793,1578,1094,9470016,1095,5]
06-05 18:06:57.687 10034  3373  3647 I sysui_multi_action: [757,1093,758,4,793,3014,1094,9470016,1095,5]
06-05 18:07:01.139 10034  3373  3647 I sysui_multi_action: [757,1093,758,4,793,3452,1094,9470016,1095,5]
06-05 18:07:03.143 10034  3373  3647 I sysui_multi_action: [757,1093,758,4,793,2005,1094,9470016,1095,5]
06-05 18:07:06.134 10034  3373  3647 I sysui_multi_action: [757,1093,758,4,793,2990,1094,9470016,1095,5]
06-05 18:07:07.173 10034  3373  3647 I sysui_multi_action: [757,1093,758,4,793,1040,1094,9470016,1095,5]
06-05 18:07:09.582 10034  3373  3647 I sysui_multi_action: [757,1093,758,4,793,2408,1094,9470016,1095,5]
06-05 18:07:10.768 10034  3373  3647 I sysui_multi_action: [757,1093,758,4,793,1187,1094,9470016,1095,6]
06-05 18:07:11.808 10034  3373  3647 I sysui_multi_action: [757,1093,758,4,793,1040,1094,9470016,1095,6]
06-05 18:07:14.493 10034  3373  3647 I sysui_multi_action: [757,1093,758,4,793,2684,1094,9470016,1095,5]
06-05 18:07:15.582 10034  3373  3647 I sysui_multi_action: [757,1093,758,4,793,1090,1094,9470016,1095,6]
06-05 18:07:27.411  1000  2628  4787 I sysui_multi_action: [757,859,758,6,806,com.android.chrome,860,sites]
06-05 18:07:27.413  1000  2628  4787 I sysui_multi_action: [757,856,758,1,806,com.android.chrome,857,web:https://www.google.com;13172675847377071,858,3]
06-05 18:07:30.150  1000  2628  4812 I sysui_multi_action: [757,856,758,1,806,com.android.mtp,857,device_notification_channel,858,2]
06-05 18:07:31.263 10034  3373  3647 I sysui_multi_action: [757,1093,758,4,793,15681,1094,9470016,1095,6]
06-05 18:07:32.912  1000  2628 10460 I sysui_multi_action: [757,856,758,2,806,com.android.chrome,857,web:https://www.google.com;13172675847377071,858,3]
06-05 18:07:32.926  1000  2628  3508 I sysui_multi_action: [757,856,758,1,806,com.android.chrome,857,web:https://www.google.co.in;13172675852920895,858,3]
06-05 18:07:34.092 10034  3373  3647 I sysui_multi_action: [757,1093,758,4,793,2829,1094,9470016,1095,6]
06-05 18:07:34.303  1000  2628  3508 I sysui_multi_action: [757,824,758,4,825,1.777778]
06-05 18:07:35.408  1000  2628  8546 I sysui_multi_action: [757,824,758,4,825,0.562500]
06-05 18:07:36.160 10034  3373  3647 I sysui_multi_action: [757,1093,758,4,793,2068,1094,9470016,1095,6]
06-05 18:07:37.230 10034  3373  3647 I sysui_multi_action: [757,1093,758,4,793,1069,1094,9470016,1095,6]
06-05 18:07:38.267 10034  3373  3647 I sysui_multi_action: [757,1093,758,4,793,1037,1094,9470016,1095,6]
06-05 18:07:48.914 10034  3373  3647 I sysui_multi_action: [757,1093,758,4,793,10648,1094,9470016,1095,6]
06-05 18:07:54.548 10034  3373  3647 I sysui_multi_action: [757,1093,758,4,793,5634,1094,9470016,1095,6]
06-05 18:08:02.223 10034  3373  3647 I sysui_multi_action: [757,1093,758,4,793,7675,1094,9470016,1095,6]
06-05 18:08:07.333 10034  3373  3647 I sysui_multi_action: [757,1093,758,4,793,5109,1094,9470016,1095,6]
06-05 18:08:10.055 10034  3373  3647 I sysui_multi_action: [757,1093,758,4,793,2723,1094,9470016,1095,6]
06-05 18:08:12.263 10034  3373  3647 I sysui_multi_action: [757,1093,758,4,793,2207,1094,9470016,1095,5]
06-05 18:08:18.917 10034  3373  3647 I sysui_multi_action: [757,1093,758,4,793,6655,1094,9470016,1095,5]
06-05 18:08:21.136 10034  3373  3647 I sysui_multi_action: [757,1093,758,4,793,2219,1094,9470016,1095,6]
06-05 18:08:26.263 10034  3373  3647 I sysui_multi_action: [757,1093,758,4,793,5127,1094,9470016,1095,5]
06-05 18:08:30.947 10034  3373  3647 I sysui_multi_action: [757,1093,758,4,793,4684,1094,9470016,1095,5]
06-05 18:08:34.100 10034  3373  3647 I sysui_multi_action: [757,1093,758,4,793,3153,1094,9470016,1095,5]
06-05 18:08:37.217 10034  3373  3373 I sysui_multi_action: [757,803,799,panel_open,802,1]
06-05 18:08:37.228  1000  2628  4787 I sysui_multi_action: [757,127,758,1]
06-05 18:08:37.228  1000  2628  4787 I sysui_multi_action: [757,804,799,note_load,801,3,802,1]
06-05 18:08:37.536 10034  3373  3647 I sysui_multi_action: [757,1093,758,4,793,3436,1094,9470016,1095,6]
06-05 18:08:37.738  1000  2628  4787 I sysui_multi_action: [757,128,758,1,793,111203,794,0,795,107470,796,-1,798,0,806,com.google.android.apps.tachyon,857,notification_channel_call_n-3e0f0557,858,3,947,0]
06-05 18:08:37.738  1000  2628  4787 I sysui_multi_action: [757,804,799,note_freshness,801,107470,802,1]
06-05 18:08:37.987  1000  2628  3558 I sysui_multi_action: [757,128,758,2,793,111451,794,248,795,107718,796,-1,798,0,806,com.google.android.apps.tachyon,857,notification_channel_call_n-3e0f0557,858,3,947,0]
06-05 18:08:37.988  1000  2628  4787 I sysui_multi_action: [757,127,758,2]
06-05 18:08:39.223 10034  3373  3647 I sysui_multi_action: [757,1093,758,4,793,1687,1094,9470016,1095,6]
06-05 18:08:42.083 10034  3373  3647 I sysui_multi_action: [757,1093,758,4,793,2859,1094,9470016,1095,6]
06-05 18:08:46.032 10034  3373  3647 I sysui_multi_action: [757,1093,758,4,793,3950,1094,9470016,1095,6]
06-05 18:08:48.465 10034  3373  3647 I sysui_multi_action: [757,1093,758,4,793,2433,1094,9470016,1095,6]
06-05 18:08:51.053 10034  3373  3647 I sysui_multi_action: [757,1093,758,4,793,2588,1094,9470016,1095,5]
06-05 18:09:00.422 10034  3373  3373 I sysui_multi_action: [757,803,799,panel_open,802,1]
06-05 18:09:00.437  1000  2628  3558 I sysui_multi_action: [757,127,758,1]
06-05 18:09:00.438  1000  2628  3558 I sysui_multi_action: [757,804,799,note_load,801,3,802,1]
06-05 18:09:00.450 10034  3373  3373 I sysui_multi_action: [757,194,758,4,826,0,827,1393]
06-05 18:09:00.888  1000  2628  3394 I sysui_multi_action: [757,127,758,2]
06-05 18:09:07.348 10034  3373  3647 I sysui_multi_action: [757,1093,758,4,793,16295,1094,9470016,1095,5]
06-05 18:09:09.563  1000  2628  3206 I sysui_multi_action: [757,804,799,power_consecutive_short_tap_count,801,1,802,1]
06-05 18:09:09.563  1000  2628  3206 I sysui_multi_action: [757,804,799,power_double_tap_interval,801,582376,802,1]
06-05 18:09:12.796 10034  3373  3647 I sysui_multi_action: [757,1093,758,4,793,5448,1094,9470016,1095,5]
06-05 18:09:16.616 10034  3373  3647 I sysui_multi_action: [757,1093,758,4,793,3819,1094,9470016,1095,5]
06-05 18:09:17.734 10034  3373  3647 I sysui_multi_action: [757,1093,758,4,793,1118,1094,9470016,1095,6]
06-05 18:09:19.204 10034  3373  3647 I sysui_multi_action: [757,1093,758,4,793,1470,1094,9470016,1095,6]
06-05 18:09:20.850 10034  3373  3647 I sysui_multi_action: [757,1093,758,4,793,1647,1094,9470016,1095,6]
06-05 18:09:21.660 10034  3373  3373 I sysui_multi_action: [757,931,758,4,759,3,932,0,933,0]
06-05 18:09:21.717 10034  3373  3373 I sysui_multi_action: [757,931,758,4,759,3,932,0,933,1]
06-05 18:09:21.780  1000  2628 13719 I sysui_multi_action: [757,819,758,4,759,0]
06-05 18:09:21.854  1000  2628  2708 I sysui_multi_action: [757,803,799,window_time_0,802,234]
06-05 18:09:21.977  1000  2628  2765 I sysui_multi_action: [319,216,322,215,325,14141,757,761,758,9,759,2,806,com.smartron.tronxlauncher,871,com.smartron.smextension.TronxLauncher,905,0]
06-05 18:09:22.603  1000  2628  2708 I sysui_multi_action: [757,803,799,window_time_0,802,1]
06-05 18:09:22.771  1000  2628  2765 I sysui_multi_action: [319,20,322,238,325,14142,757,761,758,8,759,3,806,com.android.systemui,871,com.android.systemui.pip.phone.PipMenuActivity,904,com.android.systemui,905,0]
06-05 18:09:23.754 10034  3373  3647 I sysui_multi_action: [757,1093,758,4,793,2904,1094,9470016,1095,6]
06-05 18:09:26.313 10034  3373  3373 I sysui_multi_action: [757,823,758,2]
06-05 18:09:26.470  1000  2628  2708 I sysui_multi_action: [757,803,799,window_time_0,802,4]
06-05 18:09:26.487  1000  2628  2708 I sysui_multi_action: [757,803,799,window_time_0,802,0]
06-05 18:09:26.574  1000  2628  2708 I sysui_multi_action: [757,803,799,window_time_0,802,0]
06-05 18:09:27.628  1000  2628  3206 I sysui_multi_action: [757,804,799,power_consecutive_short_tap_count,801,1,802,1]
06-05 18:09:27.628  1000  2628  3206 I sysui_multi_action: [757,804,799,power_double_tap_interval,801,18453,802,1]
06-05 18:09:29.611 10034  3373  3373 I sysui_multi_action: [757,931,758,4,759,3,932,0,933,0]
06-05 18:09:29.686 10034  3373  3373 I sysui_multi_action: [757,931,758,4,759,3,932,0,933,1]
06-05 18:09:30.476 10034  3373  3373 I sysui_multi_action: [757,931,758,4,759,3,932,0,933,0]
06-05 18:09:30.535 10034  3373  3373 I sysui_multi_action: [757,931,758,4,759,3,932,0,933,1]
06-05 18:09:31.076 10034  3373  3647 I sysui_multi_action: [757,1093,758,4,793,7322,1094,9470016,1095,6]
06-05 18:09:31.579  1000  2628  2709 I sysui_multi_action: [757,317,758,4,759,1]
06-05 18:09:31.639  1000  2628  2708 I sysui_multi_action: [757,803,799,window_time_0,802,5]
06-05 18:09:31.806  1000  2628  2628 I sysui_multi_action: [757,128,758,5,759,8,793,165271,794,54068,795,161538,796,-1,806,com.google.android.apps.tachyon,857,notification_channel_call_n-3e0f0557,858,3,947,0]
06-05 18:09:31.836  1000  2628  2708 I sysui_multi_action: [757,803,799,window_time_0,802,0]
06-05 18:09:31.842  1000  2628  2628 I sysui_multi_action: [757,128,758,5,759,8,793,195,794,0,795,195,796,40,806,android,857,FOREGROUND_SERVICE,858,2,947,0]
06-05 18:09:31.867  1000  2628  2628 I sysui_multi_action: [757,128,758,5,759,8,793,9235,794,0,795,9235,796,0,797,com.android.systemui.pip.phone.PipNotificationController,806,com.android.systemui,857,GEN,858,1,947,0]
06-05 18:09:32.937 10034  3373  3373 I sysui_multi_action: [757,803,799,panel_open,802,1]
06-05 18:09:32.955  1000  2628  8538 I sysui_multi_action: [757,127,758,1]
06-05 18:09:32.955  1000  2628  8538 I sysui_multi_action: [757,804,799,note_load,801,3,802,1]
06-05 18:09:33.332 10034  3373  3647 I sysui_multi_action: [757,1093,758,4,793,2256,1094,9470016,1095,6]
06-05 18:09:33.456  1000  2628  8538 I sysui_multi_action: [757,128,758,1,793,352169,794,0,795,352169,796,26,798,1,806,android,857,DEVELOPER,858,2,947,0]
06-05 18:09:33.457  1000  2628  8538 I sysui_multi_action: [757,804,799,note_freshness,801,352169,802,1]
06-05 18:09:33.457  1000  2628  8538 I sysui_multi_action: [757,128,758,1,793,16194,794,0,795,3551,796,1,798,0,806,com.android.systemui,857,SCN,858,2,947,0]
06-05 18:09:33.457  1000  2628  8538 I sysui_multi_action: [757,804,799,note_freshness,801,3551,802,1]
06-05 18:09:33.458  1000  2628  8538 I sysui_multi_action: [757,128,758,1,793,357947,794,0,795,357947,796,32,798,2,806,android,857,USB,858,1,947,0]
06-05 18:09:33.459  1000  2628  8538 I sysui_multi_action: [757,804,799,note_freshness,801,357947,802,1]
06-05 18:09:34.773  1000  2628  2628 I sysui_multi_action: [757,804,799,note_dismiss_longevity,801,0,802,1]
06-05 18:09:34.773  1000  2628  2628 I sysui_multi_action: [757,128,758,5,759,2,793,17510,794,1316,795,4867,796,1,806,com.android.systemui,857,SCN,858,2,947,0]
06-05 18:09:35.583 10034  3373  3647 I sysui_multi_action: [757,1093,758,4,793,2251,1094,9470016,1095,6]
06-05 18:09:35.757 10034  3373  3373 I sysui_multi_action: [757,111,758,1]
06-05 18:09:35.757 10034  3373  3373 I sysui_multi_action: [757,126,758,1,759,126,833,1,927,0,928,1]
06-05 18:09:35.758 10034  3373  3373 I sysui_multi_action: [757,113,758,1,759,113,833,1,927,1,928,0]
06-05 18:09:35.758 10034  3373  3373 I sysui_multi_action: [757,118,758,1,759,118,833,1,927,2,928,0]
06-05 18:09:35.758 10034  3373  3373 I sysui_multi_action: [757,119,758,1,759,119,833,1,927,3,928,0]
06-05 18:09:35.758 10034  3373  3373 I sysui_multi_action: [757,123,758,1,759,123,833,1,927,4,928,1]
06-05 18:09:35.758 10034  3373  3373 I sysui_multi_action: [757,261,758,1,759,261,833,1,927,5,928,0]
06-05 18:09:35.758 10034  3373  3373 I sysui_multi_action: [757,115,758,1,759,115,833,0,927,6,928,1]
06-05 18:09:35.758 10034  3373  3373 I sysui_multi_action: [757,112,758,1,759,112,833,0,927,7,928,0]
06-05 18:09:35.758 10034  3373  3373 I sysui_multi_action: [757,122,758,1,759,122,833,0,927,8,928,1]
06-05 18:09:35.758 10034  3373  3373 I sysui_multi_action: [757,1144,758,1,759,1144,833,0,927,9,928,0]
06-05 18:09:35.758 10034  3373  3373 I sysui_multi_action: [757,1145,758,1,759,1145,833,0,927,10,928,0]
06-05 18:09:35.758 10034  3373  3373 I sysui_multi_action: [757,111,758,1]
06-05 18:09:35.758 10034  3373  3373 I sysui_multi_action: [757,126,758,1,759,126,833,1,927,0,928,1]
06-05 18:09:35.759 10034  3373  3373 I sysui_multi_action: [757,113,758,1,759,113,833,1,927,1,928,0]
06-05 18:09:35.759 10034  3373  3373 I sysui_multi_action: [757,118,758,1,759,118,833,1,927,2,928,0]
06-05 18:09:35.759 10034  3373  3373 I sysui_multi_action: [757,119,758,1,759,119,833,1,927,3,928,0]
06-05 18:09:35.759 10034  3373  3373 I sysui_multi_action: [757,123,758,1,759,123,833,1,927,4,928,1]
06-05 18:09:35.759 10034  3373  3373 I sysui_multi_action: [757,261,758,1,759,261,833,1,927,5,928,0]
06-05 18:09:36.258  1000  2628 10843 I sysui_multi_action: [757,128,758,2,793,360747,794,2800,795,360747,796,32,798,1,806,android,857,USB,858,1,947,0]
06-05 18:09:36.280 10034  3373  3373 I sysui_multi_action: [757,111,758,2]
06-05 18:09:36.280 10034  3373  3373 I sysui_multi_action: [757,111,758,2]
06-05 18:09:36.338  1000  2628 10843 I sysui_multi_action: [757,128,758,2,793,355050,794,2881,795,355050,796,26,798,0,806,android,857,DEVELOPER,858,2,947,0]
06-05 18:09:36.339  1000  2628 10843 I sysui_multi_action: [757,127,758,2]
06-05 18:09:36.713 10034  3373  3647 I sysui_multi_action: [757,1093,758,4,793,1130,1094,9470016,1095,6]
06-05 18:09:40.001 10034  3373  3647 I sysui_multi_action: [757,1093,758,4,793,3288,1094,9470016,1095,6]
06-05 18:09:40.792 10034  3373  3373 I sysui_multi_action: [757,803,799,panel_open,802,1]
06-05 18:09:40.807  1000  2628  7604 I sysui_multi_action: [757,127,758,1]
06-05 18:09:40.807  1000  2628  7604 I sysui_multi_action: [757,804,799,note_load,801,2,802,1]
06-05 18:09:41.311  1000  2628 10843 I sysui_multi_action: [757,128,758,1,793,360023,794,0,795,360023,796,26,798,0,806,android,857,DEVELOPER,858,2,947,0]
06-05 18:09:41.311  1000  2628 10843 I sysui_multi_action: [757,804,799,note_freshness,801,360023,802,1]
06-05 18:09:41.311  1000  2628 10843 I sysui_multi_action: [757,128,758,1,793,365800,794,0,795,365800,796,32,798,1,806,android,857,USB,858,1,947,0]
06-05 18:09:41.311  1000  2628 10843 I sysui_multi_action: [757,804,799,note_freshness,801,365800,802,1]
06-05 18:09:41.791 10034  3373  3647 I sysui_multi_action: [757,1093,758,4,793,1789,1094,9470016,1095,6]
06-05 18:09:41.806  1000  2628  7604 I sysui_multi_action: [757,128,758,2,793,360518,794,495,795,360518,796,26,798,0,806,android,857,DEVELOPER,858,2,947,0]
06-05 18:09:41.806  1000  2628  7604 I sysui_multi_action: [757,128,758,2,793,366295,794,495,795,366295,796,32,798,1,806,android,857,USB,858,1,947,0]
06-05 18:09:41.807  1000  2628  7604 I sysui_multi_action: [757,127,758,2]
06-05 18:09:43.018 10034  3373  3647 I sysui_multi_action: [757,1093,758,4,793,1228,1094,9470016,1095,6]
06-05 18:09:46.811 10034  3373  3647 I sysui_multi_action: [757,1093,758,4,793,3792,1094,9470016,1095,6]
06-05 18:09:47.636  1000  2628  2708 I sysui_multi_action: [757,803,799,window_time_0,802,16]
06-05 18:09:48.791 10034  3373  3647 I sysui_multi_action: [757,1093,758,4,793,1980,1094,9470016,1095,6]
06-05 18:09:49.655  1000  2628  7604 I sysui_multi_action: [324,1,757,1090,758,12,806,com.google.android.apps.tachyon,871,com.google.android.apps.tachyon.MainActivity,1091,19725]
06-05 18:09:50.119  1000  2628  7604 I sysui_multi_action: [757,824,758,4,825,0.562500]
06-05 18:09:51.861 10034  3373  3647 I sysui_multi_action: [757,1093,758,4,793,3070,1094,9470016,1095,6]
06-05 18:09:54.679 10034  3373  3373 I sysui_multi_action: [757,803,799,panel_open,802,1]
06-05 18:09:54.693  1000  2628  7823 I sysui_multi_action: [757,127,758,1]
06-05 18:09:54.693  1000  2628  7823 I sysui_multi_action: [757,804,799,note_load,801,2,802,1]
06-05 18:09:55.195  1000  2628  7823 I sysui_multi_action: [757,128,758,1,793,373908,794,0,795,373908,796,26,798,0,806,android,857,DEVELOPER,858,2,947,0]
06-05 18:09:55.195  1000  2628  7823 I sysui_multi_action: [757,804,799,note_freshness,801,373908,802,1]
06-05 18:09:55.196  1000  2628  7823 I sysui_multi_action: [757,128,758,1,793,379684,794,0,795,379684,796,32,798,1,806,android,857,USB,858,1,947,0]
06-05 18:09:55.196  1000  2628  7823 I sysui_multi_action: [757,804,799,note_freshness,801,379684,802,1]
06-05 18:09:55.569  1000  2628  8538 I sysui_multi_action: [757,128,758,2,793,374282,794,374,795,374282,796,26,798,0,806,android,857,DEVELOPER,858,2,947,0]
06-05 18:09:55.569  1000  2628  8538 I sysui_multi_action: [757,128,758,2,793,380058,794,374,795,380058,796,32,798,1,806,android,857,USB,858,1,947,0]
06-05 18:09:55.570  1000  2628  8538 I sysui_multi_action: [757,127,758,2]
06-05 18:09:58.051 10034  3373  3647 I sysui_multi_action: [757,1093,758,4,793,6191,1094,9470016,1095,6]
06-05 18:10:06.401 10034  3373  3647 I sysui_multi_action: [757,1093,758,4,793,8350,1094,9470016,1095,6]
06-05 18:10:07.418 10034  3373  3647 I sysui_multi_action: [757,1093,758,4,793,1017,1094,9470016,1095,6]
06-05 18:10:08.431 10034  3373  3647 I sysui_multi_action: [757,1093,758,4,793,1013,1094,9470016,1095,6]
06-05 18:10:10.901 10034  3373  3373 I sysui_multi_action: [757,931,758,4,759,3,932,0,933,0]
06-05 18:10:10.976 10034  3373  3373 I sysui_multi_action: [757,931,758,4,759,3,932,0,933,1]
06-05 18:10:11.232 10034  3373  3373 I sysui_multi_action: [757,931,758,4,759,3,932,0,933,0]
06-05 18:10:11.308 10034  3373  3373 I sysui_multi_action: [757,931,758,4,759,3,932,0,933,1]
06-05 18:10:11.411  1000  2628  2708 I sysui_multi_action: [757,803,799,window_time_0,802,24]
06-05 18:10:11.571  1000  2628  2765 I sysui_multi_action: [319,576,322,551,325,14190,757,761,758,9,759,2,806,com.smartron.tronxlauncher,871,com.smartron.smextension.TronxLauncher,905,0]
06-05 18:10:13.275 10034  3373  3373 I sysui_multi_action: [757,803,799,panel_open,802,1]
06-05 18:10:13.285  1000  2628  8538 I sysui_multi_action: [757,127,758,1]
06-05 18:10:13.285  1000  2628  8538 I sysui_multi_action: [757,804,799,note_load,801,3,802,1]
06-05 18:10:13.787  1000  2628 10846 I sysui_multi_action: [757,128,758,1,793,392500,794,0,795,392500,796,26,798,1,806,android,857,DEVELOPER,858,2,947,0]
06-05 18:10:13.787  1000  2628 10846 I sysui_multi_action: [757,804,799,note_freshness,801,392500,802,1]
06-05 18:10:13.787  1000  2628 10846 I sysui_multi_action: [757,128,758,1,793,2950,794,0,795,2950,796,-1,798,0,806,com.google.android.apps.tachyon,857,notification_channel_call_n-3e0f0557,858,3,947,0]
06-05 18:10:13.787  1000  2628 10846 I sysui_multi_action: [757,804,799,note_freshness,801,2950,802,1]
06-05 18:10:13.788  1000  2628 10846 I sysui_multi_action: [757,128,758,1,793,398277,794,0,795,398277,796,32,798,2,806,android,857,USB,858,1,947,0]
06-05 18:10:13.788  1000  2628 10846 I sysui_multi_action: [757,804,799,note_freshness,801,398277,802,1]
06-05 18:10:14.473 10034  3373  3647 I sysui_multi_action: [757,1093,758,4,793,6042,1094,9470016,1095,6]
06-05 18:10:16.240  1000  2628  8538 I sysui_multi_action: [757,128,758,2,793,394953,794,2453,795,394953,796,26,798,1,806,android,857,DEVELOPER,858,2,947,0]
06-05 18:10:16.240  1000  2628  8538 I sysui_multi_action: [757,128,758,2,793,5403,794,2453,795,5403,796,-1,798,0,806,com.google.android.apps.tachyon,857,notification_channel_call_n-3e0f0557,858,3,947,0]
06-05 18:10:16.240  1000  2628  8538 I sysui_multi_action: [757,128,758,2,793,400729,794,2452,795,400729,796,32,798,2,806,android,857,USB,858,1,947,0]
06-05 18:10:16.242  1000  2628 10846 I sysui_multi_action: [757,127,758,2]
06-05 18:10:16.264  1000  2628  8538 I sysui_multi_action: [757,128,758,4,793,5427,794,2477,795,5427,796,-1,806,com.google.android.apps.tachyon,857,notification_channel_call_n-3e0f0557,858,3,947,0]
06-05 18:10:16.264  1000  2628  2628 I sysui_multi_action: [757,804,799,note_click_longevity,801,0,802,1]
06-05 18:10:16.276  1000  2628  2628 I sysui_multi_action: [757,128,758,5,759,8,793,4473,794,0,795,4473,796,40,806,android,857,FOREGROUND_SERVICE,858,2,947,0]
06-05 18:10:16.276  1000  2628  2708 I sysui_multi_action: [757,803,799,window_time_0,802,4]
06-05 18:10:16.470  1000  2628  2765 I sysui_multi_action: [319,221,322,219,325,14196,757,761,758,9,759,2,806,com.google.android.apps.tachyon,871,com.google.android.apps.tachyon.MainActivity,904,com.smartron.tronxlauncher,905,0]
06-05 18:10:16.567 10034  3373  3647 I sysui_multi_action: [757,1093,758,4,793,2094,1094,9470016,1095,6]
06-05 18:10:16.899  1000  2628  7823 I sysui_multi_action: [757,824,758,4,825,0.562500]
06-05 18:10:17.608 10034  3373  3647 I sysui_multi_action: [757,1093,758,4,793,1040,1094,9470016,1095,6]
06-05 18:10:18.193  1000  2628  2628 I sysui_multi_action: [757,128,758,5,759,8,793,7356,794,4406,795,7356,796,-1,806,com.google.android.apps.tachyon,857,notification_channel_call_n-3e0f0557,858,3,947,0]
06-05 18:10:18.397  1000  2628  7823 I sysui_multi_action: [757,824,758,4,825,0.562500]
06-05 18:10:19.132 10034  3373  3647 I sysui_multi_action: [757,1093,758,4,793,1525,1094,9470016,1095,6]
06-05 18:10:19.664 10034  3373  3373 I sysui_multi_action: [757,931,758,4,759,3,932,0,933,0]
06-05 18:10:19.720 10034  3373  3373 I sysui_multi_action: [757,931,758,4,759,3,932,0,933,1]
06-05 18:10:19.760  1000  2628  2708 I sysui_multi_action: [757,803,799,window_time_0,802,4]
06-05 18:10:19.955  1000  2628  2765 I sysui_multi_action: [319,209,322,171,325,14199,757,761,758,9,759,2,806,com.smartron.tronxlauncher,871,com.smartron.smextension.TronxLauncher,905,0]
06-05 18:10:20.371 10034  3373  3373 I sysui_multi_action: [757,803,799,panel_open,802,1]
06-05 18:10:20.408  1000  2628  2650 I sysui_multi_action: [757,127,758,1]
06-05 18:10:20.408  1000  2628  2650 I sysui_multi_action: [757,804,799,note_load,801,2,802,1]
06-05 18:10:20.911  1000  2628  2650 I sysui_multi_action: [757,128,758,1,793,399623,794,0,795,399623,796,26,798,0,806,android,857,DEVELOPER,858,2,947,0]
06-05 18:10:20.911  1000  2628  2650 I sysui_multi_action: [757,804,799,note_freshness,801,399623,802,1]
06-05 18:10:20.911  1000  2628  2650 I sysui_multi_action: [757,128,758,1,793,405400,794,0,795,405400,796,32,798,1,806,android,857,USB,858,1,947,0]
06-05 18:10:20.912  1000  2628  2650 I sysui_multi_action: [757,804,799,note_freshness,801,405400,802,1]
06-05 18:10:21.294  1000  2628  2650 I sysui_multi_action: [757,128,758,2,793,400007,794,384,795,400007,796,26,798,0,806,android,857,DEVELOPER,858,2,947,0]
06-05 18:10:21.294  1000  2628  2650 I sysui_multi_action: [757,128,758,2,793,405783,794,383,795,405783,796,32,798,1,806,android,857,USB,858,1,947,0]
06-05 18:10:21.295  1000  2628 10846 I sysui_multi_action: [757,127,758,2]
06-05 18:10:23.017 10034  3373  3373 I sysui_multi_action: [757,931,758,4,759,3,932,0,933,0]
06-05 18:10:23.055 10034  3373  3373 I sysui_multi_action: [757,931,758,4,759,3,932,32,933,1]
06-05 18:10:24.028  1000  2628  2708 I sysui_multi_action: [757,803,799,window_time_0,802,4]
06-05 18:10:24.028  1000  2628  2708 I sysui_multi_action: [757,803,799,window_time_0,802,0]
06-05 18:10:24.055  1000  2628  2708 I sysui_multi_action: [757,803,799,window_time_0,802,0]
06-05 18:10:24.077  1000 27469 27469 I sysui_multi_action: [757,35,758,1,833,0]
06-05 18:10:24.156  1000  2628  2765 I sysui_multi_action: [319,152,322,152,325,14203,757,761,758,9,759,2,806,com.android.settings,871,com.android.settings.Settings,904,com.android.systemui,905,0]
06-05 18:10:26.669  1000 27469 27469 I sysui_multi_action: [757,35,758,2]
06-05 18:10:26.684  1000  2628  2708 I sysui_multi_action: [757,803,799,window_time_0,802,3]
06-05 18:10:26.792  1000 27469 27469 I sysui_multi_action: [757,744,758,1,833,35]
06-05 18:10:28.051  1000 27469 27469 I sysui_multi_action: [757,744,758,2]
06-05 18:10:28.063  1000  2628  2708 I sysui_multi_action: [757,803,799,window_time_0,802,1]
06-05 18:10:28.152  1000 27469 30967 I sysui_multi_action: [757,803,799,development.DevelopmentSettings/bluetooth_select_a2dp_codec|1000000,802,1]
06-05 18:10:28.152  1000 27469 30966 I sysui_multi_action: [757,803,799,development.DevelopmentSettings/bluetooth_select_a2dp_sample_rate|0,802,1]
06-05 18:10:28.152  1000 27469 30968 I sysui_multi_action: [757,803,799,development.DevelopmentSettings/bluetooth_select_a2dp_bits_per_sample|0,802,1]
06-05 18:10:28.152  1000 27469 30965 I sysui_multi_action: [757,803,799,development.DevelopmentSettings/bluetooth_select_avrcp_version|avrcp14,802,1]
06-05 18:10:28.154  1000 27469 30966 I sysui_multi_action: [757,803,799,development.DevelopmentSettings/bluetooth_select_a2dp_ldac_playback_quality|1003,802,1]
06-05 18:10:28.154  1000 27469 30967 I sysui_multi_action: [757,803,799,development.DevelopmentSettings/bluetooth_select_a2dp_channel_mode|0,802,1]
06-05 18:10:28.188  1000 27469 27469 I sysui_multi_action: [757,39,758,1,833,744]
06-05 18:10:28.205  1000 27469 30966 I sysui_multi_action: [757,803,799,development.DevelopmentSettings/track_frame_time|false,802,1]
06-05 18:10:28.206  1000 27469 30967 I sysui_multi_action: [757,803,799,development.DevelopmentSettings/show_non_rect_clip|hide,802,1]
06-05 18:10:28.207  1000 27469 30965 I sysui_multi_action: [757,803,799,development.DevelopmentSettings/debug_hw_overdraw|false,802,1]
06-05 18:10:28.208  1000 27469 30966 I sysui_multi_action: [757,803,799,development.DevelopmentSettings/debug_hw_renderer|opengl,802,1]
06-05 18:10:28.209  1000 27469 30967 I sysui_multi_action: [757,803,799,development.DevelopmentSettings/window_animation_scale|1,802,1]
06-05 18:10:28.211  1000 27469 30968 I sysui_multi_action: [757,803,799,development.DevelopmentSettings/transition_animation_scale|1,802,1]
06-05 18:10:28.213  1000 27469 30965 I sysui_multi_action: [757,803,799,development.DevelopmentSettings/animator_duration_scale|1,802,1]
06-05 18:10:28.214  1000 27469 30966 I sysui_multi_action: [757,803,799,development.DevelopmentSettings/overlay_display_devices|,802,1]
06-05 18:10:28.216  1000 27469 30967 I sysui_multi_action: [757,803,799,development.DevelopmentSettings/app_process_limit|-1,802,1]
06-05 18:10:28.222  1000 27469 30968 I sysui_multi_action: [757,803,799,development.DevelopmentSettings/select_logd_size|262144,802,1]
06-05 18:10:28.230  1000 27469 30965 I sysui_multi_action: [757,803,799,development.DevelopmentSettings/simulate_color_space|-1,802,1]
06-05 18:10:28.372  1000 27469 30966 I sysui_multi_action: [757,803,799,development.DevelopmentSettings/select_usb_configuration|none,802,1]
06-05 18:10:30.804  1000 27469 27469 I sysui_multi_action: [757,294,758,4,806,]
06-05 18:10:31.121  1000  2628  7823 I sysui_multi_action: [757,856,758,1,806,com.android.shell,857,bugreports,858,2]
06-05 18:10:35.956 10034  3373  3647 I sysui_multi_action: [757,1093,758,4,793,16824,1094,9470016,1095,6]
06-05 18:10:37.140 10034  3373  3647 I sysui_multi_action: [757,1093,758,4,793,1184,1094,9470016,1095,5]
