##DateTime MemTotal: MemFree: Cached: 
02-05-2018_10-28-41 2803616 47320 399384 
02-05-2018_10-28-41 2803616 47468 399384 
02-05-2018_10-28-42 2803616 47152 399384 
02-05-2018_10-28-43 2803616 48660 399384 
02-05-2018_10-28-43 2803616 48244 399384 
02-05-2018_10-28-44 2803616 48200 399416 
02-05-2018_10-28-44 2803616 48500 399444 
02-05-2018_10-28-45 2803616 48516 399444 
02-05-2018_10-28-46 2803616 48268 399444 
02-05-2018_10-28-46 2803616 48464 399444 
02-05-2018_10-28-47 2803616 48620 399460 
02-05-2018_10-28-48 2803616 48240 400208 
02-05-2018_10-28-48 2803616 47568 400208 
02-05-2018_10-28-49 2803616 47804 400240 
02-05-2018_10-28-49 2803616 47556 400240 
02-05-2018_10-28-50 2803616 47300 400240 
02-05-2018_10-28-51 2803616 47556 400240 
02-05-2018_10-28-51 2803616 47836 400240 
02-05-2018_10-28-52 2803616 47560 400260 
02-05-2018_10-28-53 2803616 46792 400412 
02-05-2018_10-28-53 2803616 47048 400412 
02-05-2018_10-28-54 2803616 46552 400412 
02-05-2018_10-28-54 2803616 46072 401148 
02-05-2018_10-28-55 2803616 45872 401220 
02-05-2018_10-28-56 2803616 48240 401220 
02-05-2018_10-28-56 2803616 48076 401220 
02-05-2018_10-28-57 2803616 48140 401220 
02-05-2018_10-28-58 2803616 47772 401440 
02-05-2018_10-28-58 2803616 47264 401440 
02-05-2018_10-28-59 2803616 47252 401440 
02-05-2018_10-28-59 2803616 47244 401532 
02-05-2018_10-29-00 2803616 47056 401532 
02-05-2018_10-29-01 2803616 47424 401532 
02-05-2018_10-29-01 2803616 47564 401532 
02-05-2018_10-29-02 2803616 47692 401532 
02-05-2018_10-29-03 2803616 47172 401532 
02-05-2018_10-29-03 2803616 47168 401532 
02-05-2018_10-29-04 2803616 47304 401532 
02-05-2018_10-29-04 2803616 47284 401536 
02-05-2018_10-29-05 2803616 47152 401536 
02-05-2018_10-29-06 2803616 44700 403496 
02-05-2018_10-29-06 2803616 44452 403496 
02-05-2018_10-29-07 2803616 44080 403820 
02-05-2018_10-29-07 2803616 43212 403820 
02-05-2018_10-29-08 2803616 43088 403820 
02-05-2018_10-29-09 2803616 43212 403820 
02-05-2018_10-29-09 2803616 42716 403820 
02-05-2018_10-29-10 2803616 42964 403820 
02-05-2018_10-29-11 2803616 42872 403848 
02-05-2018_10-29-11 2803616 42996 403880 
02-05-2018_10-29-12 2803616 43400 403880 
02-05-2018_10-29-12 2803616 42656 403880 
02-05-2018_10-29-13 2803616 42408 403880 
02-05-2018_10-29-14 2803616 42692 403880 
02-05-2018_10-29-14 2803616 42276 404212 
02-05-2018_10-29-15 2803616 41888 404212 
02-05-2018_10-29-16 2803616 41996 404212 
02-05-2018_10-29-16 2803616 41856 404212 
02-05-2018_10-29-17 2803616 41632 404244 
02-05-2018_10-29-17 2803616 40880 404256 
02-05-2018_10-29-18 2803616 41004 404256 
02-05-2018_10-29-19 2803616 40756 404344 
02-05-2018_10-29-19 2803616 40580 404388 
02-05-2018_10-29-20 2803616 40828 404388 
02-05-2018_10-29-21 2803616 41004 404388 
02-05-2018_10-29-21 2803616 41128 404388 
02-05-2018_10-29-22 2803616 41500 404388 
02-05-2018_10-29-22 2803616 40384 404388 
02-05-2018_10-29-23 2803616 40472 404388 
02-05-2018_10-29-24 2803616 40692 404480 
02-05-2018_10-29-24 2803616 40248 404480 
02-05-2018_10-29-25 2803616 39784 405688 
02-05-2018_10-29-25 2803616 39040 405688 
02-05-2018_10-29-26 2803616 39412 405688 
02-05-2018_10-29-27 2803616 39412 405688 
02-05-2018_10-29-27 2803616 38792 405688 
02-05-2018_10-29-28 2803616 38700 405688 
02-05-2018_10-29-29 2803616 38328 405688 
02-05-2018_10-29-29 2803616 38700 405688 
02-05-2018_10-29-30 2803616 38900 405720 
02-05-2018_10-29-30 2803616 38704 405720 
02-05-2018_10-29-31 2803616 38084 405720 
02-05-2018_10-29-32 2803616 36884 407440 
02-05-2018_10-29-32 2803616 36216 407440 
02-05-2018_10-29-33 2803616 36000 407440 
02-05-2018_10-29-34 2803616 35752 407440 
02-05-2018_10-29-34 2803616 36488 407444 
02-05-2018_10-29-35 2803616 35716 407668 
02-05-2018_10-29-35 2803616 35268 407700 
02-05-2018_10-29-36 2803616 37136 402336 
02-05-2018_10-29-37 2803616 37808 405716 
02-05-2018_10-29-37 2803616 37488 398520 
02-05-2018_10-29-38 2803616 37056 397884 
02-05-2018_10-29-38 2803616 35952 398000 
02-05-2018_10-29-39 2803616 37648 397612 
02-05-2018_10-29-40 2803616 37848 397612 
02-05-2018_10-29-40 2803616 37796 397616 
02-05-2018_10-29-41 2803616 37036 397616 
02-05-2018_10-29-42 2803616 36384 397616 
02-05-2018_10-29-42 2803616 35364 397892 
02-05-2018_10-29-43 2803616 37756 396808 
02-05-2018_10-29-43 2803616 37932 396872 
02-05-2018_10-29-44 2803616 38596 396872 
02-05-2018_10-29-45 2803616 38288 396872 
02-05-2018_10-29-45 2803616 38108 396872 
02-05-2018_10-29-46 2803616 38368 396872 
02-05-2018_10-29-47 2803616 38292 396872 
02-05-2018_10-29-47 2803616 38024 396872 
02-05-2018_10-29-48 2803616 45208 387828 
02-05-2018_10-29-49 2803616 39556 377876 
02-05-2018_10-29-49 2803616 39880 377880 
02-05-2018_10-29-50 2803616 40464 386140 
02-05-2018_10-29-50 2803616 35372 388024 
02-05-2018_10-29-51 2803616 37324 383564 
02-05-2018_10-29-52 2803616 36904 383032 
02-05-2018_10-29-52 2803616 37528 383472 
02-05-2018_10-29-53 2803616 37360 383552 
02-05-2018_10-29-54 2803616 37676 383580 
02-05-2018_10-29-54 2803616 36836 383580 
02-05-2018_10-29-55 2803616 37080 383480 
02-05-2018_10-29-55 2803616 36808 383768 
02-05-2018_10-29-56 2803616 36684 383784 
02-05-2018_10-29-57 2803616 36204 383820 
02-05-2018_10-29-57 2803616 36112 383884 
02-05-2018_10-29-58 2803616 36236 383884 
02-05-2018_10-29-59 2803616 35736 383884 
02-05-2018_10-29-59 2803616 36600 383884 
02-05-2018_10-30-00 2803616 36104 383884 
02-05-2018_10-30-00 2803616 35732 383888 
02-05-2018_10-30-01 2803616 43220 381324 
02-05-2018_10-30-02 2803616 41704 378628 
02-05-2018_10-30-02 2803616 39328 379448 
02-05-2018_10-30-03 2803616 46988 381792 
02-05-2018_10-30-04 2803616 35216 389736 
02-05-2018_10-30-04 2803616 36284 387332 
02-05-2018_10-30-05 2803616 47684 336896 
02-05-2018_10-30-05 2803616 42200 340464 
02-05-2018_10-30-06 2803616 47900 319216 
02-05-2018_10-30-07 2803616 44228 327344 
02-05-2018_10-30-07 2803616 72440 330164 
02-05-2018_10-30-08 2803616 60404 338316 
02-05-2018_10-30-09 2803616 44520 350740 
02-05-2018_10-30-09 2803616 44024 350740 
02-05-2018_10-30-10 2803616 44540 350744 
02-05-2018_10-30-11 2803616 44148 350744 
02-05-2018_10-30-11 2803616 66460 350860 
02-05-2018_10-30-12 2803616 79352 351852 
02-05-2018_10-30-12 2803616 79168 351884 
02-05-2018_10-30-13 2803616 80104 351884 
02-05-2018_10-30-14 2803616 79560 351888 
02-05-2018_10-30-14 2803616 80312 351888 
02-05-2018_10-30-15 2803616 80484 351888 
02-05-2018_10-30-16 2803616 80468 351888 
02-05-2018_10-30-16 2803616 80072 351892 
02-05-2018_10-30-17 2803616 79532 352488 
02-05-2018_10-30-17 2803616 78408 352488 
02-05-2018_10-30-18 2803616 78604 352488 
02-05-2018_10-30-19 2803616 78208 352548 
02-05-2018_10-30-19 2803616 78020 352548 
02-05-2018_10-30-20 2803616 78252 352548 
02-05-2018_10-30-20 2803616 78112 352544 
02-05-2018_10-30-21 2803616 77580 352544 
02-05-2018_10-30-22 2803616 75476 352940 
02-05-2018_10-30-22 2803616 76556 353316 
02-05-2018_10-30-23 2803616 75996 353316 
02-05-2018_10-30-24 2803616 76044 353408 
02-05-2018_10-30-24 2803616 76312 353408 
02-05-2018_10-30-25 2803616 76080 353440 
02-05-2018_10-30-25 2803616 75428 353440 
02-05-2018_10-30-26 2803616 68788 354316 
02-05-2018_10-30-27 2803616 68028 354352 
02-05-2018_10-30-27 2803616 67528 354352 
02-05-2018_10-30-28 2803616 67764 354352 
02-05-2018_10-30-29 2803616 67156 354700 
02-05-2018_10-30-29 2803616 66764 354704 
02-05-2018_10-30-30 2803616 67316 354704 
02-05-2018_10-30-30 2803616 67120 354704 
02-05-2018_10-30-31 2803616 66656 354764 
02-05-2018_10-30-32 2803616 66768 354764 
02-05-2018_10-30-32 2803616 66404 354764 
02-05-2018_10-30-33 2803616 66032 354764 
02-05-2018_10-30-34 2803616 65824 354980 
02-05-2018_10-30-34 2803616 65660 354980 
02-05-2018_10-30-35 2803616 63412 357652 
02-05-2018_10-30-35 2803616 37228 380908 
02-05-2018_10-30-36 2803616 40804 377616 
02-05-2018_10-30-37 2803616 38020 384644 
02-05-2018_10-30-37 2803616 36020 374672 
02-05-2018_10-30-38 2803616 36716 376120 
02-05-2018_10-30-38 2803616 35492 376788 
02-05-2018_10-30-39 2803616 37416 376028 
02-05-2018_10-30-40 2803616 36556 372904 
02-05-2018_10-30-40 2803616 37244 355432 
02-05-2018_10-30-41 2803616 36664 355444 
02-05-2018_10-30-42 2803616 51088 354332 
02-05-2018_10-30-42 2803616 50988 354440 
02-05-2018_10-30-43 2803616 42528 362132 
02-05-2018_10-30-44 2803616 36028 359508 
02-05-2018_10-30-44 2803616 36716 359508 
02-05-2018_10-30-45 2803616 37276 359508 
02-05-2018_10-30-45 2803616 37136 359796 
02-05-2018_10-30-46 2803616 37052 358096 
02-05-2018_10-30-47 2803616 36064 356048 
02-05-2018_10-30-47 2803616 36356 351960 
02-05-2018_10-30-48 2803616 35496 345188 
02-05-2018_10-30-49 2803616 65416 341392 
02-05-2018_10-30-49 2803616 63504 343372 
02-05-2018_10-30-50 2803616 55996 347208 
02-05-2018_10-30-51 2803616 45692 349992 
02-05-2018_10-30-51 2803616 49260 352476 
02-05-2018_10-30-52 2803616 37104 344576 
02-05-2018_10-30-53 2803616 47072 336344 
02-05-2018_10-30-53 2803616 66928 342224 
02-05-2018_10-30-54 2803616 55980 346352 
02-05-2018_10-30-55 2803616 31772 349668 
02-05-2018_10-30-55 2803616 36312 342592 
02-05-2018_10-30-56 2803616 36752 349464 
02-05-2018_10-30-57 2803616 39016 335472 
02-05-2018_10-30-57 2803616 53404 323256 
02-05-2018_10-30-58 2803616 68292 335652 
02-05-2018_10-30-59 2803616 64292 337360 
02-05-2018_10-30-59 2803616 59760 339352 
02-05-2018_10-31-00 2803616 75844 345628 
02-05-2018_10-31-01 2803616 68132 357008 
02-05-2018_10-31-01 2803616 46012 358424 
02-05-2018_10-31-02 2803616 37272 364120 
02-05-2018_10-31-03 2803616 41336 380672 
02-05-2018_10-31-03 2803616 36568 383920 
02-05-2018_10-31-04 2803616 36840 383856 
02-05-2018_10-31-04 2803616 39084 384764 
02-05-2018_10-31-05 2803616 39136 375044 
02-05-2018_10-31-06 2803616 41348 375408 
02-05-2018_10-31-06 2803616 35988 372348 
02-05-2018_10-31-07 2803616 35808 371744 
02-05-2018_10-31-07 2803616 35680 364172 
02-05-2018_10-31-08 2803616 45616 348392 
02-05-2018_10-31-09 2803616 58356 350828 
02-05-2018_10-31-09 2803616 53652 350860 
02-05-2018_10-31-10 2803616 42436 351988 
02-05-2018_10-31-11 2803616 58164 356564 
02-05-2018_10-31-11 2803616 41840 364364 
02-05-2018_10-31-12 2803616 35592 364344 
02-05-2018_10-31-12 2803616 45584 364760 
02-05-2018_10-31-13 2803616 48380 364768 
02-05-2018_10-31-14 2803616 47856 364800 
02-05-2018_10-31-14 2803616 48488 364804 
02-05-2018_10-31-15 2803616 49080 364808 
02-05-2018_10-31-16 2803616 48456 364808 
02-05-2018_10-31-16 2803616 36112 365008 
02-05-2018_10-31-17 2803616 37564 349640 
02-05-2018_10-31-17 2803616 36824 342540 
02-05-2018_10-31-18 2803616 35972 342700 
02-05-2018_10-31-19 2803616 38452 339648 
02-05-2018_10-31-19 2803616 38952 339648 
02-05-2018_10-31-20 2803616 39284 339652 
02-05-2018_10-31-20 2803616 38524 339660 
02-05-2018_10-31-21 2803616 39600 339660 
02-05-2018_10-31-22 2803616 39724 339664 
02-05-2018_10-31-22 2803616 48116 344372 
02-05-2018_10-31-23 2803616 37068 337264 
02-05-2018_10-31-24 2803616 38892 327800 
02-05-2018_10-31-24 2803616 44780 328292 
02-05-2018_10-31-25 2803616 40228 329032 
02-05-2018_10-31-25 2803616 38048 319972 
02-05-2018_10-31-26 2803616 43452 322984 
02-05-2018_10-31-27 2803616 50380 319168 
02-05-2018_10-31-27 2803616 48292 319664 
02-05-2018_10-31-28 2803616 48092 319668 
02-05-2018_10-31-29 2803616 40200 320324 
02-05-2018_10-31-29 2803616 39004 321420 
02-05-2018_10-31-30 2803616 54556 319428 
02-05-2018_10-31-30 2803616 48240 322316 
02-05-2018_10-31-31 2803616 37368 317872 
02-05-2018_10-31-32 2803616 34952 308532 
02-05-2018_10-31-32 2803616 58756 300536 
02-05-2018_10-31-33 2803616 54620 301468 
02-05-2018_10-31-33 2803616 64564 302328 
02-05-2018_10-31-34 2803616 41868 335048 
02-05-2018_10-31-35 2803616 35348 339436 
02-05-2018_10-31-35 2803616 28004 308880 
02-05-2018_10-31-36 2803616 49940 296180 
02-05-2018_10-31-37 2803616 49984 297348 
02-05-2018_10-31-37 2803616 41644 310360 
02-05-2018_10-31-38 2803616 34584 305896 
02-05-2018_10-31-39 2803616 53808 265516 
02-05-2018_10-31-39 2803616 36264 275096 
02-05-2018_10-31-40 2803616 37828 248280 
02-05-2018_10-31-40 2803616 34140 266548 
02-05-2018_10-31-41 2803616 39716 274552 
02-05-2018_10-31-42 2803616 14732 285452 
02-05-2018_10-31-42 2803616 8112 295332 
02-05-2018_10-31-43 2803616 45164 285132 
02-05-2018_10-31-44 2803616 124328 287936 
02-05-2018_10-31-44 2803616 125512 293204 
02-05-2018_10-31-45 2803616 98976 311168 
02-05-2018_10-31-46 2803616 98976 311168 
02-05-2018_10-31-46 2803616 77500 325556 
02-05-2018_10-31-47 2803616 36956 355332 
02-05-2018_10-31-48 2803616 36376 353452 
02-05-2018_10-31-48 2803616 37140 345392 
02-05-2018_10-31-49 2803616 36352 344300 
02-05-2018_10-31-49 2803616 54540 336260 
02-05-2018_10-31-50 2803616 51424 337544 
02-05-2018_10-31-51 2803616 48096 337872 
02-05-2018_10-31-51 2803616 46548 340308 
02-05-2018_10-31-52 2803616 37328 341552 
02-05-2018_10-31-53 2803616 30260 317876 
02-05-2018_10-31-53 2803616 35052 318320 
02-05-2018_10-31-54 2803616 38492 319972 
02-05-2018_10-31-55 2803616 52440 320120 
02-05-2018_10-31-56 2803616 34420 320640 
02-05-2018_10-31-56 2803616 74196 298616 
02-05-2018_10-31-57 2803616 98364 365524 
02-05-2018_10-31-58 2803616 89052 385040 
02-05-2018_10-31-58 2803616 40728 413548 
02-05-2018_10-31-59 2803616 39840 409636 
02-05-2018_10-32-00 2803616 51568 410024 
02-05-2018_10-32-00 2803616 54468 411900 
02-05-2018_10-32-01 2803616 39400 421428 
02-05-2018_10-32-01 2803616 37676 412024 
02-05-2018_10-32-02 2803616 39212 396240 
02-05-2018_10-32-03 2803616 48816 392708 
02-05-2018_10-32-03 2803616 18068 389928 
02-05-2018_10-32-04 2803616 38144 355720 
02-05-2018_10-32-05 2803616 37092 341296 
02-05-2018_10-32-05 2803616 34912 355040 
02-05-2018_10-32-06 2803616 35840 344316 
02-05-2018_10-32-07 2803616 50308 327700 
02-05-2018_10-32-07 2803616 37608 340000 
02-05-2018_10-32-08 2803616 36228 339264 
02-05-2018_10-32-09 2803616 37324 335740 
02-05-2018_10-32-09 2803616 38272 335452 
02-05-2018_10-32-10 2803616 40332 337068 
02-05-2018_10-32-10 2803616 36632 337792 
02-05-2018_10-32-11 2803616 38252 333564 
02-05-2018_10-32-12 2803616 47972 333996 
02-05-2018_10-32-12 2803616 42980 335504 
02-05-2018_10-32-13 2803616 36888 338524 
02-05-2018_10-32-13 2803616 35848 337216 
02-05-2018_10-32-14 2803616 48656 334892 
02-05-2018_10-32-15 2803616 48128 336752 
02-05-2018_10-32-15 2803616 39968 343424 
02-05-2018_10-32-16 2803616 39404 343456 
02-05-2018_10-32-16 2803616 48184 343456 
02-05-2018_10-32-17 2803616 48188 343456 
02-05-2018_10-32-18 2803616 46932 344712 
02-05-2018_10-32-18 2803616 46376 345128 
02-05-2018_10-32-19 2803616 45932 345132 
02-05-2018_10-32-20 2803616 45184 346256 
02-05-2018_10-32-20 2803616 45056 346264 
02-05-2018_10-32-21 2803616 45040 346280 
02-05-2018_10-32-21 2803616 44664 346280 
02-05-2018_10-32-22 2803616 43472 346284 
02-05-2018_10-32-23 2803616 43484 346288 
02-05-2018_10-32-23 2803616 43148 346288 
02-05-2018_10-32-24 2803616 42704 346292 
02-05-2018_10-32-25 2803616 42736 346360 
02-05-2018_10-32-25 2803616 39112 346492 
02-05-2018_10-32-26 2803616 38600 346496 
02-05-2018_10-32-26 2803616 38352 346496 
02-05-2018_10-32-27 2803616 37460 346504 
02-05-2018_10-32-28 2803616 37816 346508 
02-05-2018_10-32-28 2803616 37396 346512 
02-05-2018_10-32-29 2803616 37540 346520 
02-05-2018_10-32-30 2803616 36972 346520 
02-05-2018_10-32-30 2803616 36064 347580 
02-05-2018_10-32-31 2803616 35808 347636 
02-05-2018_10-32-31 2803616 35416 347640 
02-05-2018_10-32-32 2803616 36516 345752 
02-05-2018_10-32-33 2803616 36512 345752 
02-05-2018_10-32-33 2803616 36664 345756 
02-05-2018_10-32-34 2803616 36164 345756 
02-05-2018_10-32-34 2803616 36040 345760 
02-05-2018_10-32-35 2803616 38560 343580 
02-05-2018_10-32-36 2803616 38748 343648 
02-05-2018_10-32-36 2803616 39364 343840 
02-05-2018_10-32-37 2803616 38008 343836 
02-05-2018_10-32-38 2803616 37636 343900 
02-05-2018_10-32-38 2803616 37884 343904 
02-05-2018_10-32-39 2803616 38164 343904 
02-05-2018_10-32-39 2803616 38044 343908 
02-05-2018_10-32-40 2803616 37672 343912 
02-05-2018_10-32-41 2803616 37956 344004 
02-05-2018_10-32-41 2803616 37564 344008 
02-05-2018_10-32-42 2803616 37060 343920 
02-05-2018_10-32-43 2803616 36688 344012 
02-05-2018_10-32-43 2803616 36000 344128 
02-05-2018_10-32-44 2803616 35812 344132 
02-05-2018_10-32-44 2803616 35432 344132 
02-05-2018_10-32-45 2803616 35440 344136 
02-05-2018_10-32-46 2803616 35636 344140 
02-05-2018_10-32-46 2803616 36948 342444 
02-05-2018_10-32-47 2803616 37000 342448 
02-05-2018_10-32-48 2803616 36308 342452 
02-05-2018_10-32-48 2803616 38216 339644 
02-05-2018_10-32-49 2803616 38348 339644 
02-05-2018_10-32-49 2803616 47280 339648 
02-05-2018_10-32-50 2803616 46984 339668 
02-05-2018_10-32-51 2803616 47172 339668 
02-05-2018_10-32-51 2803616 46860 339704 
02-05-2018_10-32-52 2803616 46428 339720 
02-05-2018_10-32-53 2803616 46212 339708 
02-05-2018_10-32-53 2803616 45500 339712 
02-05-2018_10-32-54 2803616 45224 339716 
02-05-2018_10-32-54 2803616 45192 340036 
02-05-2018_10-32-55 2803616 42076 342640 
02-05-2018_10-32-56 2803616 42208 342664 
02-05-2018_10-32-56 2803616 41960 342668 
02-05-2018_10-32-57 2803616 41092 342676 
02-05-2018_10-32-58 2803616 39976 342696 
02-05-2018_10-32-58 2803616 40608 342700 
02-05-2018_10-32-59 2803616 39668 343984 
02-05-2018_10-32-59 2803616 39240 344076 
02-05-2018_10-33-00 2803616 36156 347016 
02-05-2018_10-33-01 2803616 35856 347020 
02-05-2018_10-33-01 2803616 35716 347024 
02-05-2018_10-33-02 2803616 37628 344908 
02-05-2018_10-33-03 2803616 37380 344912 
02-05-2018_10-33-03 2803616 36760 344912 
02-05-2018_10-33-04 2803616 36336 345456 
02-05-2018_10-33-04 2803616 35768 345460 
02-05-2018_10-33-05 2803616 35676 345464 
02-05-2018_10-33-06 2803616 46196 314548 
02-05-2018_10-33-06 2803616 33740 307744 
02-05-2018_10-33-07 2803616 39428 291788 
02-05-2018_10-33-08 2803616 37760 293108 
02-05-2018_10-33-08 2803616 36644 293108 
02-05-2018_10-33-09 2803616 36800 293108 
02-05-2018_10-33-09 2803616 36796 293108 
02-05-2018_10-33-10 2803616 36300 293108 
02-05-2018_10-33-11 2803616 42568 294640 
02-05-2018_10-33-11 2803616 43012 294700 
02-05-2018_10-33-12 2803616 43236 294704 
02-05-2018_10-33-13 2803616 43848 294704 
02-05-2018_10-33-13 2803616 44688 294704 
02-05-2018_10-33-14 2803616 44908 294704 
02-05-2018_10-33-15 2803616 45532 294704 
02-05-2018_10-33-15 2803616 45204 294704 
02-05-2018_10-33-16 2803616 45184 294704 
02-05-2018_10-33-16 2803616 45320 294736 
02-05-2018_10-33-17 2803616 44884 294736 
02-05-2018_10-33-18 2803616 44452 294740 
02-05-2018_10-33-18 2803616 44576 294740 
02-05-2018_10-33-19 2803616 44452 294740 
02-05-2018_10-33-20 2803616 44224 294740 
02-05-2018_10-33-20 2803616 43964 294740 
02-05-2018_10-33-21 2803616 43908 294740 
02-05-2018_10-33-22 2803616 43456 294740 
02-05-2018_10-33-22 2803616 51812 294964 
02-05-2018_10-33-23 2803616 51504 294968 
02-05-2018_10-33-24 2803616 51416 294968 
02-05-2018_10-33-24 2803616 50980 295700 
02-05-2018_10-33-25 2803616 50880 295700 
02-05-2018_10-33-25 2803616 50316 295700 
02-05-2018_10-33-26 2803616 50072 295700 
02-05-2018_10-33-27 2803616 49952 295700 
02-05-2018_10-33-27 2803616 49024 295920 
02-05-2018_10-33-28 2803616 49024 295920 
02-05-2018_10-33-29 2803616 48000 296832 
02-05-2018_10-33-29 2803616 47380 296832 
02-05-2018_10-33-30 2803616 47396 296832 
02-05-2018_10-33-31 2803616 47416 296832 
02-05-2018_10-33-31 2803616 47024 296832 
02-05-2018_10-33-32 2803616 47148 296836 
02-05-2018_10-33-33 2803616 48016 296848 
02-05-2018_10-33-33 2803616 48212 296852 
02-05-2018_10-33-34 2803616 48408 296852 
02-05-2018_10-33-34 2803616 47768 296852 
02-05-2018_10-33-35 2803616 47396 296852 
02-05-2018_10-33-36 2803616 47056 296880 
02-05-2018_10-33-36 2803616 47304 296884 
02-05-2018_10-33-37 2803616 46188 296884 
02-05-2018_10-33-38 2803616 45940 296884 
02-05-2018_10-33-38 2803616 45640 296884 
02-05-2018_10-33-39 2803616 45940 296884 
02-05-2018_10-33-40 2803616 45816 297164 
02-05-2018_10-33-40 2803616 45320 297172 
02-05-2018_10-33-41 2803616 44732 297204 
02-05-2018_10-33-41 2803616 44608 297204 
02-05-2018_10-33-42 2803616 44484 297204 
02-05-2018_10-33-43 2803616 43988 297204 
02-05-2018_10-33-43 2803616 43740 297204 
02-05-2018_10-33-44 2803616 43616 297204 
02-05-2018_10-33-45 2803616 43244 297208 
02-05-2018_10-33-45 2803616 42872 297208 
02-05-2018_10-33-46 2803616 42872 297208 
02-05-2018_10-33-47 2803616 42996 297208 
02-05-2018_10-33-47 2803616 42252 297208 
02-05-2018_10-33-48 2803616 42312 297212 
02-05-2018_10-33-48 2803616 41604 297212 
02-05-2018_10-33-49 2803616 41916 297212 
02-05-2018_10-33-50 2803616 41564 297212 
02-05-2018_10-33-50 2803616 41284 297212 
02-05-2018_10-33-51 2803616 41500 297244 
02-05-2018_10-33-52 2803616 41552 297244 
02-05-2018_10-33-52 2803616 40792 297248 
02-05-2018_10-33-53 2803616 40420 297248 
02-05-2018_10-33-54 2803616 40172 297248 
02-05-2018_10-33-54 2803616 40228 297248 
02-05-2018_10-33-55 2803616 39272 297256 
02-05-2018_10-33-56 2803616 39024 297256 
02-05-2018_10-33-56 2803616 48092 297608 
02-05-2018_10-33-57 2803616 47872 297608 
02-05-2018_10-33-57 2803616 47084 297608 
02-05-2018_10-33-58 2803616 46580 297612 
02-05-2018_10-33-59 2803616 46580 297612 
02-05-2018_10-33-59 2803616 46564 297612 
02-05-2018_10-34-00 2803616 45960 297612 
02-05-2018_10-34-01 2803616 46692 297640 
02-05-2018_10-34-01 2803616 46280 297640 
02-05-2018_10-34-02 2803616 45836 297656 
02-05-2018_10-34-03 2803616 45092 297640 
02-05-2018_10-34-03 2803616 44348 297644 
02-05-2018_10-34-04 2803616 44100 297644 
02-05-2018_10-34-04 2803616 44348 297644 
02-05-2018_10-34-05 2803616 44116 297644 
02-05-2018_10-34-06 2803616 44240 297644 
02-05-2018_10-34-06 2803616 42628 299600 
02-05-2018_10-34-07 2803616 41388 299604 
02-05-2018_10-34-08 2803616 41388 299604 
02-05-2018_10-34-08 2803616 40644 299604 
02-05-2018_10-34-09 2803616 40132 299604 
02-05-2018_10-34-10 2803616 39760 299604 
02-05-2018_10-34-10 2803616 39760 299636 
02-05-2018_10-34-11 2803616 39884 299636 
02-05-2018_10-34-12 2803616 39796 299640 
02-05-2018_10-34-12 2803616 38284 299640 
02-05-2018_10-34-13 2803616 38656 299640 
02-05-2018_10-34-13 2803616 38780 299640 
02-05-2018_10-34-14 2803616 38036 299640 
02-05-2018_10-34-15 2803616 38160 299640 
02-05-2018_10-34-15 2803616 37912 299640 
02-05-2018_10-34-16 2803616 37860 299644 
02-05-2018_10-34-17 2803616 37788 299644 
02-05-2018_10-34-17 2803616 37152 299644 
02-05-2018_10-34-18 2803616 36776 299644 
02-05-2018_10-34-19 2803616 36764 299644 
02-05-2018_10-34-19 2803616 36664 299676 
02-05-2018_10-34-20 2803616 36416 299676 
02-05-2018_10-34-20 2803616 36168 299680 
02-05-2018_10-34-21 2803616 35796 299680 
02-05-2018_10-34-22 2803616 35672 299680 
02-05-2018_10-34-22 2803616 36888 298508 
02-05-2018_10-34-23 2803616 37064 298400 
02-05-2018_10-34-24 2803616 36740 298400 
02-05-2018_10-34-24 2803616 36600 298400 
02-05-2018_10-34-25 2803616 36044 298404 
02-05-2018_10-34-26 2803616 36044 298404 
02-05-2018_10-34-26 2803616 35796 298404 
02-05-2018_10-34-27 2803616 37656 296680 
02-05-2018_10-34-28 2803616 37160 296760 
02-05-2018_10-34-28 2803616 36788 296764 
02-05-2018_10-34-29 2803616 36664 296764 
02-05-2018_10-34-29 2803616 36292 296768 
02-05-2018_10-34-30 2803616 44976 296768 
02-05-2018_10-34-31 2803616 45056 296768 
02-05-2018_10-34-31 2803616 45020 296800 
02-05-2018_10-34-32 2803616 44408 296800 
02-05-2018_10-34-33 2803616 44180 296800 
02-05-2018_10-34-33 2803616 44300 296800 
02-05-2018_10-34-34 2803616 43892 296804 
02-05-2018_10-34-35 2803616 43640 296804 
02-05-2018_10-34-35 2803616 43712 296804 
02-05-2018_10-34-36 2803616 43392 296804 
02-05-2018_10-34-36 2803616 39300 300912 
02-05-2018_10-34-37 2803616 38060 301356 
02-05-2018_10-34-38 2803616 37316 301360 
02-05-2018_10-34-38 2803616 36936 301360 
02-05-2018_10-34-39 2803616 36316 301716 
02-05-2018_10-34-40 2803616 36256 301744 
02-05-2018_10-34-40 2803616 36204 301748 
02-05-2018_10-34-41 2803616 36256 301748 
02-05-2018_10-34-42 2803616 35512 302420 
02-05-2018_10-34-42 2803616 37108 300280 
02-05-2018_10-34-43 2803616 36736 300284 
02-05-2018_10-34-43 2803616 36612 300284 
02-05-2018_10-34-44 2803616 36188 300284 
02-05-2018_10-34-45 2803616 36240 300284 
02-05-2018_10-34-45 2803616 35744 300284 
02-05-2018_10-34-46 2803616 35992 300284 
02-05-2018_10-34-47 2803616 35992 300284 
02-05-2018_10-34-47 2803616 36820 298588 
02-05-2018_10-34-48 2803616 39448 296856 
02-05-2018_10-34-49 2803616 39216 296856 
02-05-2018_10-34-49 2803616 39712 296856 
02-05-2018_10-34-50 2803616 38908 296884 
02-05-2018_10-34-51 2803616 38412 296884 
02-05-2018_10-34-51 2803616 38040 296888 
02-05-2018_10-34-52 2803616 37916 296888 
02-05-2018_10-34-52 2803616 37544 296888 
02-05-2018_10-34-53 2803616 36924 296888 
02-05-2018_10-34-54 2803616 36924 296888 
02-05-2018_10-34-54 2803616 36500 296888 
02-05-2018_10-34-55 2803616 36552 296896 
02-05-2018_10-34-56 2803616 36624 296896 
02-05-2018_10-34-56 2803616 36552 296896 
02-05-2018_10-34-57 2803616 35296 297008 
02-05-2018_10-34-58 2803616 36400 295272 
02-05-2018_10-34-58 2803616 37128 295044 
02-05-2018_10-34-59 2803616 36704 295044 
02-05-2018_10-34-59 2803616 37376 295044 
02-05-2018_10-35-00 2803616 37376 295044 
02-05-2018_10-35-01 2803616 36756 295044 
02-05-2018_10-35-01 2803616 36456 295044 
02-05-2018_10-35-02 2803616 35888 295044 
02-05-2018_10-35-03 2803616 35144 295048 
02-05-2018_10-35-03 2803616 37360 293248 
02-05-2018_10-35-04 2803616 46484 293248 
02-05-2018_10-35-05 2803616 46360 293404 
02-05-2018_10-35-05 2803616 46408 293404 
02-05-2018_10-35-06 2803616 45956 293404 
02-05-2018_10-35-06 2803616 45848 293404 
02-05-2018_10-35-07 2803616 45088 293408 
02-05-2018_10-35-08 2803616 44492 293412 
02-05-2018_10-35-08 2803616 44360 293412 
02-05-2018_10-35-09 2803616 44728 293412 
02-05-2018_10-35-10 2803616 44108 293416 
02-05-2018_10-35-10 2803616 44108 293416 
02-05-2018_10-35-11 2803616 43736 293416 
02-05-2018_10-35-12 2803616 43612 293416 
02-05-2018_10-35-12 2803616 43488 293416 
02-05-2018_10-35-13 2803616 42744 293416 
02-05-2018_10-35-14 2803616 42620 293416 
02-05-2018_10-35-14 2803616 42188 293452 
02-05-2018_10-35-15 2803616 42012 293452 
02-05-2018_10-35-15 2803616 41816 293452 
02-05-2018_10-35-16 2803616 41444 293452 
02-05-2018_10-35-17 2803616 41444 293452 
02-05-2018_10-35-17 2803616 40948 293452 
02-05-2018_10-35-18 2803616 39956 293456 
02-05-2018_10-35-19 2803616 39708 293456 
02-05-2018_10-35-19 2803616 40016 293484 
02-05-2018_10-35-20 2803616 40328 293484 
02-05-2018_10-35-21 2803616 40348 293484 
02-05-2018_10-35-21 2803616 39336 293488 
02-05-2018_10-35-22 2803616 39088 293488 
02-05-2018_10-35-22 2803616 38592 293488 
02-05-2018_10-35-23 2803616 37848 293488 
02-05-2018_10-35-24 2803616 38168 293488 
02-05-2018_10-35-24 2803616 37724 293488 
02-05-2018_10-35-25 2803616 37724 293488 
02-05-2018_10-35-26 2803616 37724 293496 
02-05-2018_10-35-26 2803616 37104 293496 
02-05-2018_10-35-27 2803616 36676 293496 
02-05-2018_10-35-28 2803616 36652 293496 
02-05-2018_10-35-28 2803616 36100 293500 
02-05-2018_10-35-29 2803616 35516 293532 
02-05-2018_10-35-30 2803616 35516 293532 
02-05-2018_10-35-30 2803616 35268 293532 
02-05-2018_10-35-31 2803616 37748 291408 
02-05-2018_10-35-31 2803616 37252 291408 
02-05-2018_10-35-32 2803616 36632 291408 
02-05-2018_10-35-33 2803616 36796 291408 
02-05-2018_10-35-33 2803616 37148 291412 
02-05-2018_10-35-34 2803616 36704 291412 
02-05-2018_10-35-35 2803616 36332 291412 
02-05-2018_10-35-35 2803616 36084 291412 
02-05-2018_10-35-36 2803616 35764 291412 
02-05-2018_10-35-37 2803616 37376 289520 
02-05-2018_10-35-37 2803616 45832 289756 
02-05-2018_10-35-38 2803616 46276 289760 
02-05-2018_10-35-38 2803616 45904 289760 
02-05-2018_10-35-39 2803616 45336 289760 
02-05-2018_10-35-40 2803616 44836 289760 
02-05-2018_10-35-40 2803616 44832 289760 
02-05-2018_10-35-41 2803616 44944 289760 
02-05-2018_10-35-42 2803616 44324 289764 
02-05-2018_10-35-42 2803616 44108 289796 
02-05-2018_10-35-43 2803616 42836 289796 
02-05-2018_10-35-44 2803616 42940 289796 
02-05-2018_10-35-44 2803616 42372 289800 
02-05-2018_10-35-45 2803616 42620 289800 
02-05-2018_10-35-46 2803616 37848 295860 
02-05-2018_10-35-46 2803616 39480 309500 
02-05-2018_10-35-47 2803616 38792 309596 
02-05-2018_10-35-48 2803616 38340 309684 
02-05-2018_10-35-48 2803616 38412 309684 
02-05-2018_10-35-49 2803616 38528 309684 
02-05-2018_10-35-49 2803616 36156 311592 
02-05-2018_10-35-50 2803616 35844 311592 
02-05-2018_10-35-51 2803616 35948 311596 
02-05-2018_10-35-51 2803616 35804 311596 
02-05-2018_10-35-52 2803616 40696 311564 
02-05-2018_10-35-53 2803616 45024 311564 
02-05-2018_10-35-53 2803616 45256 311564 
02-05-2018_10-35-54 2803616 45064 311564 
02-05-2018_10-35-55 2803616 41776 314900 
02-05-2018_10-35-55 2803616 36952 318840 
02-05-2018_10-35-56 2803616 36436 318860 
02-05-2018_10-35-57 2803616 35664 318860 
02-05-2018_10-35-57 2803616 35532 318860 
02-05-2018_10-35-58 2803616 39004 318840 
02-05-2018_10-35-58 2803616 38464 318844 
02-05-2018_10-35-59 2803616 38376 318844 
02-05-2018_10-36-00 2803616 38520 318844 
02-05-2018_10-36-00 2803616 38392 318844 
02-05-2018_10-36-01 2803616 38184 318844 
02-05-2018_10-36-02 2803616 37908 318844 
02-05-2018_10-36-02 2803616 37208 318844 
02-05-2018_10-36-03 2803616 36828 318844 
02-05-2018_10-36-04 2803616 37024 318844 
02-05-2018_10-36-04 2803616 36196 318848 
02-05-2018_10-36-05 2803616 36072 318848 
02-05-2018_10-36-05 2803616 35824 318848 
02-05-2018_10-36-06 2803616 35700 318848 
02-05-2018_10-36-07 2803616 35720 318848 
02-05-2018_10-36-07 2803616 35328 318848 
02-05-2018_10-36-08 2803616 39416 318904 
02-05-2018_10-36-09 2803616 38812 319000 
02-05-2018_10-36-09 2803616 39004 319148 
02-05-2018_10-36-10 2803616 45484 320692 
02-05-2018_10-36-11 2803616 54288 323024 
02-05-2018_10-36-11 2803616 42064 333996 
02-05-2018_10-36-12 2803616 57484 337808 
02-05-2018_10-36-12 2803616 48640 337852 
02-05-2018_10-36-13 2803616 52636 337852 
02-05-2018_10-36-14 2803616 47160 337860 
02-05-2018_10-36-14 2803616 51332 337864 
02-05-2018_10-36-15 2803616 50388 337864 
02-05-2018_10-36-16 2803616 50512 337896 
02-05-2018_10-36-16 2803616 46896 337896 
02-05-2018_10-36-17 2803616 43700 337888 
02-05-2018_10-36-18 2803616 49688 337896 
02-05-2018_10-36-18 2803616 49412 337900 
02-05-2018_10-36-19 2803616 49112 337900 
02-05-2018_10-36-19 2803616 49336 337904 
02-05-2018_10-36-20 2803616 38960 337904 
02-05-2018_10-36-21 2803616 41692 337968 
02-05-2018_10-36-21 2803616 53264 337976 
02-05-2018_10-36-22 2803616 44036 337980 
02-05-2018_10-36-23 2803616 43128 337980 
02-05-2018_10-36-23 2803616 42376 337980 
02-05-2018_10-36-24 2803616 47416 337980 
02-05-2018_10-36-24 2803616 37476 337980 
02-05-2018_10-36-25 2803616 51624 333796 
02-05-2018_10-36-26 2803616 58076 333824 
02-05-2018_10-36-26 2803616 57692 333824 
02-05-2018_10-36-27 2803616 47696 333832 
02-05-2018_10-36-28 2803616 47664 333832 
02-05-2018_10-36-28 2803616 46148 333832 
02-05-2018_10-36-29 2803616 45840 333832 
02-05-2018_10-36-30 2803616 45884 333832 
02-05-2018_10-36-30 2803616 45264 333832 
02-05-2018_10-36-31 2803616 49800 333836 
02-05-2018_10-36-31 2803616 49460 333840 
02-05-2018_10-36-32 2803616 39504 333840 
02-05-2018_10-36-33 2803616 39896 333840 
02-05-2018_10-36-33 2803616 39080 333840 
02-05-2018_10-36-34 2803616 53056 329240 
02-05-2018_10-36-35 2803616 43648 329620 
02-05-2018_10-36-35 2803616 42920 329620 
02-05-2018_10-36-36 2803616 42812 329620 
02-05-2018_10-36-36 2803616 42316 329620 
02-05-2018_10-36-37 2803616 41696 329620 
02-05-2018_10-36-38 2803616 41448 329724 
02-05-2018_10-36-38 2803616 41076 329728 
02-05-2018_10-36-39 2803616 41076 329728 
02-05-2018_10-36-40 2803616 40580 329728 
02-05-2018_10-36-40 2803616 40208 329728 
02-05-2018_10-36-41 2803616 40580 329728 
02-05-2018_10-36-42 2803616 40092 329796 
02-05-2018_10-36-42 2803616 39376 329796 
02-05-2018_10-36-43 2803616 39204 329828 
02-05-2018_10-36-44 2803616 48112 329832 
02-05-2018_10-36-44 2803616 48024 329832 
02-05-2018_10-36-45 2803616 48372 329832 
02-05-2018_10-36-45 2803616 47936 329832 
02-05-2018_10-36-46 2803616 47868 329832 
02-05-2018_10-36-47 2803616 47800 329832 
02-05-2018_10-36-47 2803616 47084 329836 
02-05-2018_10-36-48 2803616 46580 329836 
02-05-2018_10-36-49 2803616 46564 329836 
02-05-2018_10-36-49 2803616 46796 329840 
02-05-2018_10-36-50 2803616 46796 329876 
02-05-2018_10-36-51 2803616 46796 329876 
02-05-2018_10-36-51 2803616 46300 329876 
02-05-2018_10-36-52 2803616 46672 329876 
02-05-2018_10-36-52 2803616 46052 329876 
02-05-2018_10-36-53 2803616 45680 329876 
02-05-2018_10-36-54 2803616 44432 330044 
02-05-2018_10-36-54 2803616 43884 330044 
02-05-2018_10-36-55 2803616 41544 332336 
02-05-2018_10-36-56 2803616 40832 332348 
02-05-2018_10-36-56 2803616 40496 332348 
02-05-2018_10-36-57 2803616 39488 332364 
02-05-2018_10-36-58 2803616 39240 332348 
02-05-2018_10-36-58 2803616 39240 332348 
02-05-2018_10-36-59 2803616 38836 332348 
02-05-2018_10-37-00 2803616 38676 332348 
02-05-2018_10-37-00 2803616 38568 332352 
02-05-2018_10-37-01 2803616 38280 332352 
02-05-2018_10-37-01 2803616 38404 332352 
02-05-2018_10-37-02 2803616 37676 332352 
02-05-2018_10-37-03 2803616 36948 332352 
02-05-2018_10-37-03 2803616 36576 332356 
02-05-2018_10-37-04 2803616 36560 332356 
02-05-2018_10-37-05 2803616 36896 332356 
02-05-2018_10-37-05 2803616 36808 332356 
02-05-2018_10-37-06 2803616 36460 332388 
02-05-2018_10-37-07 2803616 36592 332388 
02-05-2018_10-37-07 2803616 35904 332392 
02-05-2018_10-37-08 2803616 35348 332392 
02-05-2018_10-37-08 2803616 37752 330224 
02-05-2018_10-37-09 2803616 37660 330224 
02-05-2018_10-37-10 2803616 37040 330228 
02-05-2018_10-37-10 2803616 37060 330228 
02-05-2018_10-37-11 2803616 36824 330228 
02-05-2018_10-37-12 2803616 36576 330228 
02-05-2018_10-37-12 2803616 35956 330228 
02-05-2018_10-37-13 2803616 35336 330228 
02-05-2018_10-37-14 2803616 37568 328400 
02-05-2018_10-37-14 2803616 37320 328404 
02-05-2018_10-37-15 2803616 36948 328404 
02-05-2018_10-37-16 2803616 37196 328404 
02-05-2018_10-37-16 2803616 37196 328404 
02-05-2018_10-37-17 2803616 36904 328108 
02-05-2018_10-37-17 2803616 43728 322448 
02-05-2018_10-37-18 2803616 42648 322872 
02-05-2018_10-37-19 2803616 41128 324004 
02-05-2018_10-37-19 2803616 43716 321968 
02-05-2018_10-37-20 2803616 43320 322800 
02-05-2018_10-37-21 2803616 35876 312480 
02-05-2018_10-37-21 2803616 31956 310496 
02-05-2018_10-37-22 2803616 35184 323284 
02-05-2018_10-37-23 2803616 35860 319092 
02-05-2018_10-37-23 2803616 126244 298940 
02-05-2018_10-37-24 2803616 80216 298964 
02-05-2018_10-37-25 2803616 38848 299356 
02-05-2018_10-37-26 2803616 36140 272340 
02-05-2018_10-37-26 2803616 23140 244360 
02-05-2018_10-37-27 2803616 194312 209020 
02-05-2018_10-37-28 2803616 253536 238072 
02-05-2018_10-37-28 2803616 215504 240604 
02-05-2018_10-37-29 2803616 195672 260328 
02-05-2018_10-37-30 2803616 148696 276760 
02-05-2018_10-37-30 2803616 225728 276924 
02-05-2018_10-37-31 2803616 193684 278876 
02-05-2018_10-37-32 2803616 147956 282768 
02-05-2018_10-37-32 2803616 138440 282812 
02-05-2018_10-37-33 2803616 187068 290284 
02-05-2018_10-37-34 2803616 145172 293196 
02-05-2018_10-37-34 2803616 112640 293520 
02-05-2018_10-37-35 2803616 72252 295580 
02-05-2018_10-37-36 2803616 195300 295588 
02-05-2018_10-37-36 2803616 184512 295728 
02-05-2018_10-37-37 2803616 184556 295744 
02-05-2018_10-37-37 2803616 189400 296652 
02-05-2018_10-37-38 2803616 178072 297224 
02-05-2018_10-37-39 2803616 147760 297352 
02-05-2018_10-37-39 2803616 134192 297884 
02-05-2018_10-37-40 2803616 167616 297896 
02-05-2018_10-37-41 2803616 123680 297904 
02-05-2018_10-37-41 2803616 110460 297908 
02-05-2018_10-37-42 2803616 210612 297936 
02-05-2018_10-37-43 2803616 211208 297984 
02-05-2018_10-37-43 2803616 202132 298040 
02-05-2018_10-37-44 2803616 192136 298156 
02-05-2018_10-37-45 2803616 216956 298500 
02-05-2018_10-37-45 2803616 191040 315432 
02-05-2018_10-37-46 2803616 177436 320496 
02-05-2018_10-37-46 2803616 176924 320500 
02-05-2018_10-37-47 2803616 174072 320564 
02-05-2018_10-37-48 2803616 151808 320752 
02-05-2018_10-37-48 2803616 127832 320844 
02-05-2018_10-37-49 2803616 246736 320848 
02-05-2018_10-37-49 2803616 246820 320848 
02-05-2018_10-37-50 2803616 248944 320860 
02-05-2018_10-37-51 2803616 249788 320884 
02-05-2018_10-37-51 2803616 249748 320888 
02-05-2018_10-37-52 2803616 250612 320896 
02-05-2018_10-37-53 2803616 250916 320928 
02-05-2018_10-37-53 2803616 250900 320928 
02-05-2018_10-37-54 2803616 250808 320932 
02-05-2018_10-37-54 2803616 250420 320944 
02-05-2018_10-37-55 2803616 248716 320948 
02-05-2018_10-37-56 2803616 248996 320956 
02-05-2018_10-37-56 2803616 248268 320992 
02-05-2018_10-37-57 2803616 271048 320980 
02-05-2018_10-37-58 2803616 271528 321056 
02-05-2018_10-37-58 2803616 271292 321056 
02-05-2018_10-37-59 2803616 270920 321060 
02-05-2018_10-37-59 2803616 271060 321064 
02-05-2018_10-38-00 2803616 270208 321168 
02-05-2018_10-38-01 2803616 270492 321168 
02-05-2018_10-38-01 2803616 270256 321172 
02-05-2018_10-38-02 2803616 269680 321176 
02-05-2018_10-38-03 2803616 269044 321244 
02-05-2018_10-38-03 2803616 269132 321248 
02-05-2018_10-38-04 2803616 269748 321248 
02-05-2018_10-38-04 2803616 269220 321252 
02-05-2018_10-38-05 2803616 268604 321256 
02-05-2018_10-38-06 2803616 268408 321260 
02-05-2018_10-38-06 2803616 268068 321260 
02-05-2018_10-38-07 2803616 268152 321280 
02-05-2018_10-38-08 2803616 267976 321400 
02-05-2018_10-38-08 2803616 267728 321404 
02-05-2018_10-38-09 2803616 267656 321528 
02-05-2018_10-38-09 2803616 267408 321532 
02-05-2018_10-38-10 2803616 266788 321536 
02-05-2018_10-38-11 2803616 266540 321540 
02-05-2018_10-38-11 2803616 266488 321544 
02-05-2018_10-38-12 2803616 266044 321548 
02-05-2018_10-38-13 2803616 265672 321552 
02-05-2018_10-38-13 2803616 265780 321552 
02-05-2018_10-38-14 2803616 264788 321556 
02-05-2018_10-38-14 2803616 264416 321560 
02-05-2018_10-38-15 2803616 263208 321620 
02-05-2018_10-38-16 2803616 263160 321624 
02-05-2018_10-38-16 2803616 262964 321624 
02-05-2018_10-38-17 2803616 261140 321656 
02-05-2018_10-38-18 2803616 240568 326228 
02-05-2018_10-38-18 2803616 224096 329976 
02-05-2018_10-38-19 2803616 223848 329976 
02-05-2018_10-38-19 2803616 223708 329980 
02-05-2018_10-38-20 2803616 223212 329984 
02-05-2018_10-38-21 2803616 231788 329984 
02-05-2018_10-38-21 2803616 231868 330080 
02-05-2018_10-38-22 2803616 230632 330060 
02-05-2018_10-38-23 2803616 234436 330088 
02-05-2018_10-38-23 2803616 234548 330088 
02-05-2018_10-38-24 2803616 234492 330092 
02-05-2018_10-38-24 2803616 234032 330096 
02-05-2018_10-38-25 2803616 233752 330096 
02-05-2018_10-38-26 2803616 233864 330100 
02-05-2018_10-38-26 2803616 233988 330100 
02-05-2018_10-38-27 2803616 233172 330196 
02-05-2018_10-38-28 2803616 233544 330200 
02-05-2018_10-38-28 2803616 233160 330204 
02-05-2018_10-38-29 2803616 233200 330204 
02-05-2018_10-38-29 2803616 232748 330208 
02-05-2018_10-38-30 2803616 232684 330212 
02-05-2018_10-38-31 2803616 232740 330216 
02-05-2018_10-38-31 2803616 232748 330220 
02-05-2018_10-38-32 2803616 231680 330308 
02-05-2018_10-38-33 2803616 230260 331200 
02-05-2018_10-38-33 2803616 229228 331200 
02-05-2018_10-38-34 2803616 229104 331204 
02-05-2018_10-38-34 2803616 228608 331264 
02-05-2018_10-38-35 2803616 228112 331268 
02-05-2018_10-38-36 2803616 228308 331268 
02-05-2018_10-38-36 2803616 227864 331272 
02-05-2018_10-38-37 2803616 227244 331272 
02-05-2018_10-38-38 2803616 227432 331372 
02-05-2018_10-38-38 2803616 226740 331372 
02-05-2018_10-38-39 2803616 226728 331376 
02-05-2018_10-38-39 2803616 226584 331412 
02-05-2018_10-38-40 2803616 226620 331420 
02-05-2018_10-38-41 2803616 226192 331420 
02-05-2018_10-38-41 2803616 226652 331424 
02-05-2018_10-38-42 2803616 225908 331428 
02-05-2018_10-38-43 2803616 225364 331428 
02-05-2018_10-38-43 2803616 225604 331432 
02-05-2018_10-38-44 2803616 225032 331436 
02-05-2018_10-38-44 2803616 224996 331440 
02-05-2018_10-38-45 2803616 225116 331440 
02-05-2018_10-38-46 2803616 224828 331536 
02-05-2018_10-38-46 2803616 223836 331544 
02-05-2018_10-38-47 2803616 221960 331592 
02-05-2018_10-38-48 2803616 214760 331612 
02-05-2018_10-38-48 2803616 208648 333116 
02-05-2018_10-38-49 2803616 208392 333116 
02-05-2018_10-38-49 2803616 208072 333116 
02-05-2018_10-38-50 2803616 207688 333116 
02-05-2018_10-38-51 2803616 207352 333120 
02-05-2018_10-38-51 2803616 207636 333120 
02-05-2018_10-38-52 2803616 210284 333120 
02-05-2018_10-38-53 2803616 209352 333176 
02-05-2018_10-38-53 2803616 217864 333176 
02-05-2018_10-38-54 2803616 217864 333176 
02-05-2018_10-38-55 2803616 218112 333184 
02-05-2018_10-38-55 2803616 217632 333184 
02-05-2018_10-38-56 2803616 217260 333184 
02-05-2018_10-38-57 2803616 217580 333188 
02-05-2018_10-38-57 2803616 217228 333188 
02-05-2018_10-38-58 2803616 216232 333188 
02-05-2018_10-38-58 2803616 215948 333188 
02-05-2018_10-38-59 2803616 215756 333188 
02-05-2018_10-39-00 2803616 215780 333188 
02-05-2018_10-39-00 2803616 215432 333188 
02-05-2018_10-39-01 2803616 216104 333192 
02-05-2018_10-39-02 2803616 215512 333192 
02-05-2018_10-39-02 2803616 214664 333224 
02-05-2018_10-39-03 2803616 214768 333224 
02-05-2018_10-39-04 2803616 214272 333224 
02-05-2018_10-39-04 2803616 214020 333224 
02-05-2018_10-39-05 2803616 214340 333224 
02-05-2018_10-39-05 2803616 213596 333228 
02-05-2018_10-39-06 2803616 213648 333228 
02-05-2018_10-39-07 2803616 213648 333228 
02-05-2018_10-39-07 2803616 213368 333228 
02-05-2018_10-39-08 2803616 212976 333228 
02-05-2018_10-39-09 2803616 212868 333228 
02-05-2018_10-39-09 2803616 212440 333228 
02-05-2018_10-39-10 2803616 212388 333232 
02-05-2018_10-39-11 2803616 212604 333232 
02-05-2018_10-39-11 2803616 212412 333232 
02-05-2018_10-39-12 2803616 211344 333128 
02-05-2018_10-39-13 2803616 211360 333232 
02-05-2018_10-39-13 2803616 211236 333232 
02-05-2018_10-39-14 2803616 210740 333236 
02-05-2018_10-39-14 2803616 210740 333240 
02-05-2018_10-39-15 2803616 210492 333240 
02-05-2018_10-39-16 2803616 210616 333268 
02-05-2018_10-39-16 2803616 210244 333268 
02-05-2018_10-39-17 2803616 209572 333268 
02-05-2018_10-39-18 2803616 209828 333268 
02-05-2018_10-39-18 2803616 210448 333272 
02-05-2018_10-39-19 2803616 209812 333272 
02-05-2018_10-39-20 2803616 209936 333272 
02-05-2018_10-39-20 2803616 209440 333272 
02-05-2018_10-39-21 2803616 209068 333328 
02-05-2018_10-39-22 2803616 209068 333328 
02-05-2018_10-39-22 2803616 209068 333364 
02-05-2018_10-39-23 2803616 208696 333364 
02-05-2018_10-39-23 2803616 208184 333368 
02-05-2018_10-39-24 2803616 208008 333368 
02-05-2018_10-39-25 2803616 208256 333368 
02-05-2018_10-39-25 2803616 208060 333368 
02-05-2018_10-39-26 2803616 207688 333368 
02-05-2018_10-39-27 2803616 207316 333368 
02-05-2018_10-39-27 2803616 215824 333368 
02-05-2018_10-39-28 2803616 214936 333372 
02-05-2018_10-39-29 2803616 215060 333372 
02-05-2018_10-39-29 2803616 214812 333372 
02-05-2018_10-39-30 2803616 214436 333372 
02-05-2018_10-39-30 2803616 214828 333372 
02-05-2018_10-39-31 2803616 214704 333372 
02-05-2018_10-39-32 2803616 214128 333376 
02-05-2018_10-39-32 2803616 214044 333376 
02-05-2018_10-39-33 2803616 213244 333380 
02-05-2018_10-39-34 2803616 213196 333380 
02-05-2018_10-39-34 2803616 212984 333380 
02-05-2018_10-39-35 2803616 212736 333380 
02-05-2018_10-39-36 2803616 212240 333380 
02-05-2018_10-39-36 2803616 212612 333380 
02-05-2018_10-39-37 2803616 212736 333380 
02-05-2018_10-39-37 2803616 212484 333384 
02-05-2018_10-39-38 2803616 212236 333384 
02-05-2018_10-39-39 2803616 212360 333384 
02-05-2018_10-39-39 2803616 211740 333384 
02-05-2018_10-39-40 2803616 211368 333384 
02-05-2018_10-39-41 2803616 211368 333384 
02-05-2018_10-39-41 2803616 210732 333412 
02-05-2018_10-39-42 2803616 210360 333416 
02-05-2018_10-39-43 2803616 209864 333416 
02-05-2018_10-39-43 2803616 209616 333416 
02-05-2018_10-39-44 2803616 209492 333416 
02-05-2018_10-39-45 2803616 209244 333416 
02-05-2018_10-39-45 2803616 209120 333416 
02-05-2018_10-39-46 2803616 208996 333416 
02-05-2018_10-39-46 2803616 208624 333416 
02-05-2018_10-39-47 2803616 208112 333484 
02-05-2018_10-39-48 2803616 208112 333484 
02-05-2018_10-39-48 2803616 208360 333484 
02-05-2018_10-39-49 2803616 207740 333484 
02-05-2018_10-39-50 2803616 207228 333488 
02-05-2018_10-39-50 2803616 206964 333488 
02-05-2018_10-39-51 2803616 206948 333488 
02-05-2018_10-39-52 2803616 206440 333488 
02-05-2018_10-39-52 2803616 206312 333492 
02-05-2018_10-39-53 2803616 205692 333492 
02-05-2018_10-39-53 2803616 205816 333492 
02-05-2018_10-39-54 2803616 205820 333492 
02-05-2018_10-39-55 2803616 205428 333496 
02-05-2018_10-39-55 2803616 205428 333496 
02-05-2018_10-39-56 2803616 204932 333496 
02-05-2018_10-39-57 2803616 204932 333528 
02-05-2018_10-39-57 2803616 204188 333528 
02-05-2018_10-39-58 2803616 203444 333532 
02-05-2018_10-39-59 2803616 203888 333532 
02-05-2018_10-39-59 2803616 203568 333532 
02-05-2018_10-40-00 2803616 203164 333532 
02-05-2018_10-40-01 2803616 202668 333532 
02-05-2018_10-40-01 2803616 211240 333532 
02-05-2018_10-40-02 2803616 211984 333536 
02-05-2018_10-40-02 2803616 211756 333536 
02-05-2018_10-40-03 2803616 211720 333540 
02-05-2018_10-40-04 2803616 211188 333540 
02-05-2018_10-40-04 2803616 211260 333540 
02-05-2018_10-40-05 2803616 211108 333540 
02-05-2018_10-40-06 2803616 210260 333540 
02-05-2018_10-40-06 2803616 210384 333540 
02-05-2018_10-40-07 2803616 210224 333528 
02-05-2018_10-40-08 2803616 209584 333544 
02-05-2018_10-40-08 2803616 209088 333544 
02-05-2018_10-40-09 2803616 208840 333544 
02-05-2018_10-40-10 2803616 209204 333544 
02-05-2018_10-40-10 2803616 209064 333544 
02-05-2018_10-40-11 2803616 208884 333544 
02-05-2018_10-40-11 2803616 209108 333544 
02-05-2018_10-40-12 2803616 208020 333544 
02-05-2018_10-40-13 2803616 208144 333548 
02-05-2018_10-40-13 2803616 207772 333548 
02-05-2018_10-40-14 2803616 207400 333548 
02-05-2018_10-40-15 2803616 207276 333548 
02-05-2018_10-40-15 2803616 207276 333548 
02-05-2018_10-40-16 2803616 206976 333548 
02-05-2018_10-40-17 2803616 206656 333576 
02-05-2018_10-40-17 2803616 206036 333576 
02-05-2018_10-40-18 2803616 206036 333580 
02-05-2018_10-40-18 2803616 205292 333580 
02-05-2018_10-40-19 2803616 205028 333580 
02-05-2018_10-40-20 2803616 205152 333580 
02-05-2018_10-40-20 2803616 204780 333580 
02-05-2018_10-40-21 2803616 204408 333580 
02-05-2018_10-40-22 2803616 204780 333580 
02-05-2018_10-40-22 2803616 204356 333584 
02-05-2018_10-40-23 2803616 203272 333620 
02-05-2018_10-40-24 2803616 203644 333620 
02-05-2018_10-40-24 2803616 203024 333620 
02-05-2018_10-40-25 2803616 202776 333620 
02-05-2018_10-40-26 2803616 202776 333620 
02-05-2018_10-40-26 2803616 202528 333620 
02-05-2018_10-40-27 2803616 201908 333620 
02-05-2018_10-40-27 2803616 201536 333624 
02-05-2018_10-40-28 2803616 201412 333624 
02-05-2018_10-40-29 2803616 201040 333624 
02-05-2018_10-40-29 2803616 200792 333624 
02-05-2018_10-40-30 2803616 200544 333628 
02-05-2018_10-40-31 2803616 200296 333628 
02-05-2018_10-40-31 2803616 200420 333628 
02-05-2018_10-40-32 2803616 199656 333632 
02-05-2018_10-40-33 2803616 199284 333628 
02-05-2018_10-40-33 2803616 199480 333628 
02-05-2018_10-40-34 2803616 199160 333628 
02-05-2018_10-40-34 2803616 198788 333632 
02-05-2018_10-40-35 2803616 207080 333636 
02-05-2018_10-40-36 2803616 207612 333664 
02-05-2018_10-40-36 2803616 207540 333664 
02-05-2018_10-40-37 2803616 206728 333668 
02-05-2018_10-40-38 2803616 206144 333668 
02-05-2018_10-40-38 2803616 206132 333668 
02-05-2018_10-40-39 2803616 205924 333668 
02-05-2018_10-40-40 2803616 206500 333668 
02-05-2018_10-40-40 2803616 206172 333668 
02-05-2018_10-40-41 2803616 204628 333696 
02-05-2018_10-40-42 2803616 204256 333700 
02-05-2018_10-40-42 2803616 203868 333700 
02-05-2018_10-40-43 2803616 203620 333700 
02-05-2018_10-40-43 2803616 203496 333700 
02-05-2018_10-40-44 2803616 203000 333700 
02-05-2018_10-40-45 2803616 202980 333700 
02-05-2018_10-40-45 2803616 202476 333700 
02-05-2018_10-40-46 2803616 201980 333704 
02-05-2018_10-40-47 2803616 202228 333704 
02-05-2018_10-40-47 2803616 201624 333708 
02-05-2018_10-40-48 2803616 201500 333708 
02-05-2018_10-40-49 2803616 200900 333708 
02-05-2018_10-40-49 2803616 200616 333708 
02-05-2018_10-40-50 2803616 200812 333708 
02-05-2018_10-40-50 2803616 200740 333744 
02-05-2018_10-40-51 2803616 200616 333744 
02-05-2018_10-40-52 2803616 200120 333744 
02-05-2018_10-40-52 2803616 199624 333748 
02-05-2018_10-40-53 2803616 199252 333748 
02-05-2018_10-40-54 2803616 199748 333748 
02-05-2018_10-40-54 2803616 199376 333748 
02-05-2018_10-40-55 2803616 198936 333752 
02-05-2018_10-40-56 2803616 198616 333752 
02-05-2018_10-40-56 2803616 197872 333752 
02-05-2018_10-40-57 2803616 197732 333756 
02-05-2018_10-40-58 2803616 197804 333756 
02-05-2018_10-40-58 2803616 197112 333756 
02-05-2018_10-40-59 2803616 196864 333756 
02-05-2018_10-40-59 2803616 196740 333756 
02-05-2018_10-41-00 2803616 196492 333756 
02-05-2018_10-41-01 2803616 196740 333788 
02-05-2018_10-41-01 2803616 196368 333792 
02-05-2018_10-41-02 2803616 195748 333792 
02-05-2018_10-41-03 2803616 195500 333792 
02-05-2018_10-41-03 2803616 195004 333792 
02-05-2018_10-41-04 2803616 194740 333792 
02-05-2018_10-41-05 2803616 194368 333792 
02-05-2018_10-41-05 2803616 194492 333792 
02-05-2018_10-41-06 2803616 194616 333796 
02-05-2018_10-41-06 2803616 194244 333796 
02-05-2018_10-41-07 2803616 193252 333796 
02-05-2018_10-41-08 2803616 193376 333800 
02-05-2018_10-41-08 2803616 192880 333800 
02-05-2018_10-41-09 2803616 201436 333800 
02-05-2018_10-41-10 2803616 201536 333800 
02-05-2018_10-41-10 2803616 201364 333832 
02-05-2018_10-41-11 2803616 201188 333832 
02-05-2018_10-41-12 2803616 201364 333832 
02-05-2018_10-41-12 2803616 201148 333832 
02-05-2018_10-41-13 2803616 201264 333832 
02-05-2018_10-41-13 2803616 200628 333832 
02-05-2018_10-41-14 2803616 200248 333836 
02-05-2018_10-41-15 2803616 200372 333836 
02-05-2018_10-41-15 2803616 200124 333868 
02-05-2018_10-41-16 2803616 199752 333868 
02-05-2018_10-41-17 2803616 199256 333872 
02-05-2018_10-41-17 2803616 198512 333872 
02-05-2018_10-41-18 2803616 198140 333872 
02-05-2018_10-41-19 2803616 198512 333872 
02-05-2018_10-41-19 2803616 198444 333876 
02-05-2018_10-41-20 2803616 197628 333876 
02-05-2018_10-41-21 2803616 197380 333876 
02-05-2018_10-41-21 2803616 197628 333876 
02-05-2018_10-41-22 2803616 197752 333876 
02-05-2018_10-41-22 2803616 197132 333876 
02-05-2018_10-41-23 2803616 196348 333876 
02-05-2018_10-41-24 2803616 196112 333880 
02-05-2018_10-41-24 2803616 195972 333880 
02-05-2018_10-41-25 2803616 195596 333880 
02-05-2018_10-41-26 2803616 195320 333884 
02-05-2018_10-41-26 2803616 195420 333884 
02-05-2018_10-41-27 2803616 194908 333888 
02-05-2018_10-41-28 2803616 194288 333888 
02-05-2018_10-41-28 2803616 193964 333916 
02-05-2018_10-41-29 2803616 194108 333916 
02-05-2018_10-41-29 2803616 193716 333916 
02-05-2018_10-41-30 2803616 193468 333916 
02-05-2018_10-41-31 2803616 193468 333920 
02-05-2018_10-41-31 2803616 193592 333920 
02-05-2018_10-41-32 2803616 192600 333920 
02-05-2018_10-41-33 2803616 191980 333920 
02-05-2018_10-41-33 2803616 192176 333920 
02-05-2018_10-41-34 2803616 192352 333920 
02-05-2018_10-41-35 2803616 191888 333948 
02-05-2018_10-41-35 2803616 191588 333948 
02-05-2018_10-41-36 2803616 191516 333952 
02-05-2018_10-41-37 2803616 191392 333952 
02-05-2018_10-41-37 2803616 190772 333952 
02-05-2018_10-41-38 2803616 190028 333952 
02-05-2018_10-41-38 2803616 190276 333952 
02-05-2018_10-41-39 2803616 190152 333952 
02-05-2018_10-41-40 2803616 189688 333956 
02-05-2018_10-41-40 2803616 189316 333956 
02-05-2018_10-41-41 2803616 188944 333964 
02-05-2018_10-41-42 2803616 189440 333964 
02-05-2018_10-41-42 2803616 197260 333964 
02-05-2018_10-41-43 2803616 197232 333964 
02-05-2018_10-41-44 2803616 197248 333964 
02-05-2018_10-41-44 2803616 196628 333964 
02-05-2018_10-41-45 2803616 196444 333996 
02-05-2018_10-41-46 2803616 196740 334000 
02-05-2018_10-41-46 2803616 196268 334000 
02-05-2018_10-41-47 2803616 196244 334000 
02-05-2018_10-41-47 2803616 195576 334000 
02-05-2018_10-41-48 2803616 195452 334000 
02-05-2018_10-41-49 2803616 195576 334000 
02-05-2018_10-41-49 2803616 195204 334000 
02-05-2018_10-41-50 2803616 194196 334004 
02-05-2018_10-41-51 2803616 194196 334004 
02-05-2018_10-41-51 2803616 194340 334004 
02-05-2018_10-41-52 2803616 193452 334020 
02-05-2018_10-41-53 2803616 193204 334004 
02-05-2018_10-41-53 2803616 192956 334008 
02-05-2018_10-41-54 2803616 191724 334016 
02-05-2018_10-41-54 2803616 191816 334024 
02-05-2018_10-41-55 2803616 191692 334024 
02-05-2018_10-41-56 2803616 191568 334024 
02-05-2018_10-41-56 2803616 191568 334024 
02-05-2018_10-41-57 2803616 190824 334024 
02-05-2018_10-41-58 2803616 190452 334024 
02-05-2018_10-41-58 2803616 190328 334024 
02-05-2018_10-41-59 2803616 190064 334028 
02-05-2018_10-42-00 2803616 190036 334060 
02-05-2018_10-42-00 2803616 189168 334060 
02-05-2018_10-42-01 2803616 189168 334060 
02-05-2018_10-42-02 2803616 189292 334060 
02-05-2018_10-42-02 2803616 188052 334060 
02-05-2018_10-42-03 2803616 187804 334060 
02-05-2018_10-42-03 2803616 188176 334064 
02-05-2018_10-42-04 2803616 187804 334064 
02-05-2018_10-42-05 2803616 187752 334064 
02-05-2018_10-42-05 2803616 187696 334064 
02-05-2018_10-42-06 2803616 187324 334064 
02-05-2018_10-42-07 2803616 187396 334064 
02-05-2018_10-42-07 2803616 186440 334064 
02-05-2018_10-42-08 2803616 186192 334068 
02-05-2018_10-42-09 2803616 186460 334068 
02-05-2018_10-42-09 2803616 186192 334100 
02-05-2018_10-42-10 2803616 186256 334128 
02-05-2018_10-42-10 2803616 185760 334132 
02-05-2018_10-42-11 2803616 185140 334132 
02-05-2018_10-42-12 2803616 185652 334132 
02-05-2018_10-42-12 2803616 184796 334136 
02-05-2018_10-42-13 2803616 184152 334336 
02-05-2018_10-42-14 2803616 183904 334336 
02-05-2018_10-42-14 2803616 183656 334336 
02-05-2018_10-42-15 2803616 183144 334336 
02-05-2018_10-42-16 2803616 182788 334336 
02-05-2018_10-42-16 2803616 191548 334336 
02-05-2018_10-42-17 2803616 191312 334256 
02-05-2018_10-42-18 2803616 190804 334344 
02-05-2018_10-42-18 2803616 190768 334376 
02-05-2018_10-42-19 2803616 191100 334376 
02-05-2018_10-42-19 2803616 190424 334380 
02-05-2018_10-42-20 2803616 190332 334380 
02-05-2018_10-42-21 2803616 190092 334380 
02-05-2018_10-42-21 2803616 190396 334380 
02-05-2018_10-42-22 2803616 189580 334380 
02-05-2018_10-42-23 2803616 189224 334380 
02-05-2018_10-42-23 2803616 188728 334384 
02-05-2018_10-42-24 2803616 188976 334384 
02-05-2018_10-42-25 2803616 188544 334384 
02-05-2018_10-42-25 2803616 188296 334384 
02-05-2018_10-42-26 2803616 187924 334388 
02-05-2018_10-42-26 2803616 187428 334388 
02-05-2018_10-42-27 2803616 186684 334392 
02-05-2018_10-42-28 2803616 186812 334392 
02-05-2018_10-42-28 2803616 186760 334392 
02-05-2018_10-42-29 2803616 186332 334392 
02-05-2018_10-42-30 2803616 185992 334420 
02-05-2018_10-42-30 2803616 185744 334420 
02-05-2018_10-42-31 2803616 185480 334424 
02-05-2018_10-42-32 2803616 185404 334424 
02-05-2018_10-42-32 2803616 184660 334424 
02-05-2018_10-42-33 2803616 184444 334424 
02-05-2018_10-42-34 2803616 184444 334428 
02-05-2018_10-42-34 2803616 183112 334428 
02-05-2018_10-42-35 2803616 184032 334428 
02-05-2018_10-42-35 2803616 183644 334428 
02-05-2018_10-42-36 2803616 183520 334428 
02-05-2018_10-42-37 2803616 182840 334428 
02-05-2018_10-42-37 2803616 182592 334432 
02-05-2018_10-42-38 2803616 182608 334432 
02-05-2018_10-42-39 2803616 182176 334432 
02-05-2018_10-42-39 2803616 181928 334432 
02-05-2018_10-42-40 2803616 181184 334436 
02-05-2018_10-42-41 2803616 181804 334436 
02-05-2018_10-42-41 2803616 181372 334468 
02-05-2018_10-42-42 2803616 180720 334468 
02-05-2018_10-42-43 2803616 180240 334468 
02-05-2018_10-42-43 2803616 179976 334468 
02-05-2018_10-42-44 2803616 179676 334472 
02-05-2018_10-42-44 2803616 179232 334476 
02-05-2018_10-42-45 2803616 179092 334476 
02-05-2018_10-42-46 2803616 179588 334476 
02-05-2018_10-42-46 2803616 179340 334476 
02-05-2018_10-42-47 2803616 178720 334476 
02-05-2018_10-42-48 2803616 177976 334476 
02-05-2018_10-42-48 2803616 178100 334476 
02-05-2018_10-42-49 2803616 178396 334512 
02-05-2018_10-42-50 2803616 177808 334512 
02-05-2018_10-42-50 2803616 186716 334512 
02-05-2018_10-42-51 2803616 186780 334512 
02-05-2018_10-42-51 2803616 186788 334512 
02-05-2018_10-42-52 2803616 185916 334512 
02-05-2018_10-42-53 2803616 185048 334512 
02-05-2018_10-42-53 2803616 185172 334516 
02-05-2018_10-42-54 2803616 184792 334516 
02-05-2018_10-42-55 2803616 185028 334520 
02-05-2018_10-42-55 2803616 184408 334520 
02-05-2018_10-42-56 2803616 184356 334520 
02-05-2018_10-42-57 2803616 183664 334520 
02-05-2018_10-42-57 2803616 183844 334520 
02-05-2018_10-42-58 2803616 183152 334520 
02-05-2018_10-42-59 2803616 182812 334552 
02-05-2018_10-42-59 2803616 182920 334556 
02-05-2018_10-43-00 2803616 182796 334556 
02-05-2018_10-43-00 2803616 182868 334556 
02-05-2018_10-43-01 2803616 182548 334556 
02-05-2018_10-43-02 2803616 182176 334556 
02-05-2018_10-43-02 2803616 181556 334556 
02-05-2018_10-43-03 2803616 181060 334556 
02-05-2018_10-43-04 2803616 181080 334560 
02-05-2018_10-43-04 2803616 180688 334560 
02-05-2018_10-43-05 2803616 180564 334560 
02-05-2018_10-43-06 2803616 181008 334560 
02-05-2018_10-43-06 2803616 181008 334560 
02-05-2018_10-43-07 2803616 180564 334560 
02-05-2018_10-43-07 2803616 179680 334560 
02-05-2018_10-43-08 2803616 179432 334564 
02-05-2018_10-43-09 2803616 178844 334596 
02-05-2018_10-43-09 2803616 178596 334596 
02-05-2018_10-43-10 2803616 178100 334596 
02-05-2018_10-43-11 2803616 178224 334596 
02-05-2018_10-43-11 2803616 178348 334596 
02-05-2018_10-43-12 2803616 177728 334596 
02-05-2018_10-43-13 2803616 177712 334596 
02-05-2018_10-43-13 2803616 177108 334600 
02-05-2018_10-43-14 2803616 176668 334600 
02-05-2018_10-43-15 2803616 176720 334656 
02-05-2018_10-43-15 2803616 176224 334656 
02-05-2018_10-43-16 2803616 176472 334656 
02-05-2018_10-43-16 2803616 176740 334656 
02-05-2018_10-43-17 2803616 175604 334660 
02-05-2018_10-43-18 2803616 175728 334664 
02-05-2018_10-43-18 2803616 175512 334696 
02-05-2018_10-43-19 2803616 175124 334696 
02-05-2018_10-43-20 2803616 175124 334696 
02-05-2018_10-43-20 2803616 174132 334696 
02-05-2018_10-43-21 2803616 173884 334696 
02-05-2018_10-43-22 2803616 174008 334696 
02-05-2018_10-43-22 2803616 174064 334696 
02-05-2018_10-43-23 2803616 173744 334700 
02-05-2018_10-43-24 2803616 173372 334700 
02-05-2018_10-43-24 2803616 182220 334700 
02-05-2018_10-43-25 2803616 183000 334728 
02-05-2018_10-43-25 2803616 183700 334728 
02-05-2018_10-43-26 2803616 183616 334728 
02-05-2018_10-43-27 2803616 184184 334728 
02-05-2018_10-43-27 2803616 184156 334732 
02-05-2018_10-43-28 2803616 184160 334732 
02-05-2018_10-43-29 2803616 184572 334732 
02-05-2018_10-43-29 2803616 184876 334732 
02-05-2018_10-43-30 2803616 184384 334760 
02-05-2018_10-43-31 2803616 185264 334760 
02-05-2018_10-43-31 2803616 186128 334760 
02-05-2018_10-43-32 2803616 186676 334764 
02-05-2018_10-43-33 2803616 185760 334764 
02-05-2018_10-43-33 2803616 186268 334764 
02-05-2018_10-43-34 2803616 186848 334764 
02-05-2018_10-43-34 2803616 187908 334764 
02-05-2018_10-43-35 2803616 187568 334768 
02-05-2018_10-43-36 2803616 187976 334768 
02-05-2018_10-43-36 2803616 187928 334768 
02-05-2018_10-43-37 2803616 187056 334772 
02-05-2018_10-43-38 2803616 187304 334772 
02-05-2018_10-43-38 2803616 186744 334772 
02-05-2018_10-43-39 2803616 187316 334772 
02-05-2018_10-43-40 2803616 188016 334772 
02-05-2018_10-43-40 2803616 188292 334772 
02-05-2018_10-43-41 2803616 189176 334772 
02-05-2018_10-43-41 2803616 189084 334776 
02-05-2018_10-43-42 2803616 188796 334780 
02-05-2018_10-43-43 2803616 189052 334780 
02-05-2018_10-43-43 2803616 189188 334780 
02-05-2018_10-43-44 2803616 189100 334780 
02-05-2018_10-43-45 2803616 188356 334780 
02-05-2018_10-43-45 2803616 188604 334780 
02-05-2018_10-43-46 2803616 188408 334780 
02-05-2018_10-43-47 2803616 187540 334784 
02-05-2018_10-43-47 2803616 201924 334784 
02-05-2018_10-43-48 2803616 202232 334816 
02-05-2018_10-43-49 2803616 202560 334816 
02-05-2018_10-43-49 2803616 201820 334816 
02-05-2018_10-43-50 2803616 202200 334820 
02-05-2018_10-43-50 2803616 202052 334820 
02-05-2018_10-43-51 2803616 201916 334824 
02-05-2018_10-43-52 2803616 201320 334824 
02-05-2018_10-43-52 2803616 200528 334824 
02-05-2018_10-43-53 2803616 200168 334824 
02-05-2018_10-43-54 2803616 199756 334824 
02-05-2018_10-43-54 2803616 199924 334824 
02-05-2018_10-43-55 2803616 198944 334828 
02-05-2018_10-43-56 2803616 199252 334828 
02-05-2018_10-43-56 2803616 199552 334828 
02-05-2018_10-43-57 2803616 199252 334828 
02-05-2018_10-43-57 2803616 209120 334832 
02-05-2018_10-43-58 2803616 218148 334860 
02-05-2018_10-43-59 2803616 218076 334860 
02-05-2018_10-43-59 2803616 217456 334860 
02-05-2018_10-44-00 2803616 217332 334860 
02-05-2018_10-44-01 2803616 217528 334860 
02-05-2018_10-44-01 2803616 217084 334860 
02-05-2018_10-44-02 2803616 216484 334860 
02-05-2018_10-44-03 2803616 216596 334864 
02-05-2018_10-44-03 2803616 216024 334900 
02-05-2018_10-44-04 2803616 215364 334896 
02-05-2018_10-44-05 2803616 215624 334900 
02-05-2018_10-44-05 2803616 215388 334900 
02-05-2018_10-44-06 2803616 215132 334900 
02-05-2018_10-44-06 2803616 214596 334900 
02-05-2018_10-44-07 2803616 213920 334900 
02-05-2018_10-44-08 2803616 213608 334904 
02-05-2018_10-44-08 2803616 213828 334904 
02-05-2018_10-44-09 2803616 213828 334904 
02-05-2018_10-44-10 2803616 213456 334904 
02-05-2018_10-44-10 2803616 213208 334908 
02-05-2018_10-44-11 2803616 212944 334908 
02-05-2018_10-44-12 2803616 213088 334908 
02-05-2018_10-44-12 2803616 213180 334908 
02-05-2018_10-44-13 2803616 212384 334908 
02-05-2018_10-44-13 2803616 212780 334912 
02-05-2018_10-44-14 2803616 212844 334912 
02-05-2018_10-44-15 2803616 212780 334912 
02-05-2018_10-44-15 2803616 212716 334912 
02-05-2018_10-44-16 2803616 211920 334912 
02-05-2018_10-44-17 2803616 211812 334912 
02-05-2018_10-44-17 2803616 211648 334940 
02-05-2018_10-44-18 2803616 211148 334944 
02-05-2018_10-44-19 2803616 211148 334944 
02-05-2018_10-44-19 2803616 210528 334944 
02-05-2018_10-44-20 2803616 210280 334944 
02-05-2018_10-44-21 2803616 210032 334948 
02-05-2018_10-44-21 2803616 210016 334948 
02-05-2018_10-44-22 2803616 210264 334948 
02-05-2018_10-44-22 2803616 209644 334948 
02-05-2018_10-44-23 2803616 208652 334952 
02-05-2018_10-44-24 2803616 208404 334952 
02-05-2018_10-44-24 2803616 208528 334952 
02-05-2018_10-44-25 2803616 207908 334952 
02-05-2018_10-44-26 2803616 208352 334952 
02-05-2018_10-44-26 2803616 207784 334952 
02-05-2018_10-44-27 2803616 208892 334952 
02-05-2018_10-44-28 2803616 208644 334988 
02-05-2018_10-44-28 2803616 208708 335020 
02-05-2018_10-44-29 2803616 208692 335020 
02-05-2018_10-44-29 2803616 208428 335020 
02-05-2018_10-44-30 2803616 208268 335020 
02-05-2018_10-44-31 2803616 208132 335020 
02-05-2018_10-44-31 2803616 216952 335020 
02-05-2018_10-44-32 2803616 216136 335024 
02-05-2018_10-44-33 2803616 215940 335024 
02-05-2018_10-44-33 2803616 215764 335024 
02-05-2018_10-44-34 2803616 215888 335024 
02-05-2018_10-44-35 2803616 215340 335024 
02-05-2018_10-44-35 2803616 215208 335024 
02-05-2018_10-44-36 2803616 215140 335024 
02-05-2018_10-44-37 2803616 214052 335848 
02-05-2018_10-44-37 2803616 213768 335876 
02-05-2018_10-44-38 2803616 213396 335876 
02-05-2018_10-44-38 2803616 213272 335876 
02-05-2018_10-44-39 2803616 212776 335876 
02-05-2018_10-44-40 2803616 212156 335876 
02-05-2018_10-44-40 2803616 212548 335880 
02-05-2018_10-44-41 2803616 212404 335880 
02-05-2018_10-44-42 2803616 212104 335880 
02-05-2018_10-44-42 2803616 211536 335880 
02-05-2018_10-44-43 2803616 211412 335880 
02-05-2018_10-44-44 2803616 210792 335880 
02-05-2018_10-44-44 2803616 210528 335880 
02-05-2018_10-44-45 2803616 210900 335880 
02-05-2018_10-44-45 2803616 210528 335884 
02-05-2018_10-44-46 2803616 210032 335884 
02-05-2018_10-44-47 2803616 210376 335916 
02-05-2018_10-44-47 2803616 212588 335916 
02-05-2018_10-44-48 2803616 212636 335916 
02-05-2018_10-44-49 2803616 212316 335916 
02-05-2018_10-44-49 2803616 211788 335920 
02-05-2018_10-44-50 2803616 211588 335920 
02-05-2018_10-44-51 2803616 211464 335920 
02-05-2018_10-44-51 2803616 210936 335920 
02-05-2018_10-44-52 2803616 211304 335936 
02-05-2018_10-44-53 2803616 210932 335920 
02-05-2018_10-44-53 2803616 210312 335924 
02-05-2018_10-44-54 2803616 210384 335924 
02-05-2018_10-44-54 2803616 209940 335928 
02-05-2018_10-44-55 2803616 210096 335928 
02-05-2018_10-44-56 2803616 209972 335932 
02-05-2018_10-44-56 2803616 209600 335932 
02-05-2018_10-44-57 2803616 208608 335932 
02-05-2018_10-44-58 2803616 208484 335932 
02-05-2018_10-44-58 2803616 208432 335932 
02-05-2018_10-44-59 2803616 208236 335932 
02-05-2018_10-45-00 2803616 208360 335932 
02-05-2018_10-45-00 2803616 207848 335936 
02-05-2018_10-45-01 2803616 207352 335936 
02-05-2018_10-45-01 2803616 207248 335968 
02-05-2018_10-45-02 2803616 206484 335968 
02-05-2018_10-45-03 2803616 205988 335968 
02-05-2018_10-45-03 2803616 206112 335968 
02-05-2018_10-45-04 2803616 205740 335968 
02-05-2018_10-45-05 2803616 205740 335972 
02-05-2018_10-45-05 2803616 213924 335972 
02-05-2018_10-45-06 2803616 213552 335972 
02-05-2018_10-45-07 2803616 213676 335972 
02-05-2018_10-45-07 2803616 213308 335972 
02-05-2018_10-45-08 2803616 212984 335976 
02-05-2018_10-45-09 2803616 212512 335976 
02-05-2018_10-45-09 2803616 212928 335980 
02-05-2018_10-45-10 2803616 212888 335980 
02-05-2018_10-45-10 2803616 212692 335980 
02-05-2018_10-45-11 2803616 212072 336008 
02-05-2018_10-45-12 2803616 211988 336008 
02-05-2018_10-45-12 2803616 211912 336012 
02-05-2018_10-45-13 2803616 210424 336012 
02-05-2018_10-45-14 2803616 210540 336016 
02-05-2018_10-45-14 2803616 210388 336016 
02-05-2018_10-45-15 2803616 210512 336016 
02-05-2018_10-45-16 2803616 210512 336016 
02-05-2018_10-45-16 2803616 210336 336016 
02-05-2018_10-45-17 2803616 209768 336016 
02-05-2018_10-45-17 2803616 208776 336016 
02-05-2018_10-45-18 2803616 208528 336020 
02-05-2018_10-45-19 2803616 208528 336020 
02-05-2018_10-45-19 2803616 208352 336020 
02-05-2018_10-45-20 2803616 208476 336020 
02-05-2018_10-45-21 2803616 207536 336020 
02-05-2018_10-45-21 2803616 207660 336020 
02-05-2018_10-45-22 2803616 207536 336020 
02-05-2018_10-45-23 2803616 207656 336024 
02-05-2018_10-45-23 2803616 207004 336024 
02-05-2018_10-45-24 2803616 205980 336024 
02-05-2018_10-45-25 2803616 206508 336160 
02-05-2018_10-45-25 2803616 204504 336364 
02-05-2018_10-45-26 2803616 204060 336368 
02-05-2018_10-45-26 2803616 203936 336368 
02-05-2018_10-45-27 2803616 203300 336368 
02-05-2018_10-45-28 2803616 203124 336368 
02-05-2018_10-45-28 2803616 202432 336368 
02-05-2018_10-45-29 2803616 202308 336372 
02-05-2018_10-45-30 2803616 202080 336376 
02-05-2018_10-45-30 2803616 202060 336376 
02-05-2018_10-45-31 2803616 201936 336376 
02-05-2018_10-45-32 2803616 201936 336376 
02-05-2018_10-45-32 2803616 201440 336376 
02-05-2018_10-45-33 2803616 200696 336380 
02-05-2018_10-45-33 2803616 200696 336380 
02-05-2018_10-45-34 2803616 200200 336380 
02-05-2018_10-45-35 2803616 200528 336412 
02-05-2018_10-45-35 2803616 200184 336416 
02-05-2018_10-45-36 2803616 200008 336416 
02-05-2018_10-45-37 2803616 198572 337032 
02-05-2018_10-45-37 2803616 197952 337032 
02-05-2018_10-45-38 2803616 197704 337032 
02-05-2018_10-45-39 2803616 197704 337032 
02-05-2018_10-45-39 2803616 206384 337036 
02-05-2018_10-45-40 2803616 206492 337036 
02-05-2018_10-45-41 2803616 206240 337036 
02-05-2018_10-45-41 2803616 206168 337100 
02-05-2018_10-45-42 2803616 205592 337876 
02-05-2018_10-45-42 2803616 204456 337876 
02-05-2018_10-45-43 2803616 203924 337876 
02-05-2018_10-45-44 2803616 203844 337880 
02-05-2018_10-45-44 2803616 203584 337880 
02-05-2018_10-45-45 2803616 202840 337880 
02-05-2018_10-45-46 2803616 203284 337880 
02-05-2018_10-45-46 2803616 203212 337880 
02-05-2018_10-45-47 2803616 202592 337880 
02-05-2018_10-45-48 2803616 202416 337880 
02-05-2018_10-45-48 2803616 201972 337884 
02-05-2018_10-45-49 2803616 202612 337884 
02-05-2018_10-45-49 2803616 201212 337884 
02-05-2018_10-45-50 2803616 201212 337884 
02-05-2018_10-45-51 2803616 201492 337884 
02-05-2018_10-45-51 2803616 201120 337884 
02-05-2018_10-45-52 2803616 200872 337884 
02-05-2018_10-45-53 2803616 200252 337888 
02-05-2018_10-45-53 2803616 199880 337892 
02-05-2018_10-45-54 2803616 199632 337892 
02-05-2018_10-45-55 2803616 199456 337896 
02-05-2018_10-45-55 2803616 199136 337896 
02-05-2018_10-45-56 2803616 199136 337896 
02-05-2018_10-45-57 2803616 199508 337896 
02-05-2018_10-45-57 2803616 198588 337896 
02-05-2018_10-45-58 2803616 197772 337896 
02-05-2018_10-45-58 2803616 198020 337900 
02-05-2018_10-45-59 2803616 197508 337900 
02-05-2018_10-46-00 2803616 197260 337900 
02-05-2018_10-46-00 2803616 197260 337900 
02-05-2018_10-46-01 2803616 196888 337932 
02-05-2018_10-46-02 2803616 196640 337936 
02-05-2018_10-46-02 2803616 196020 337936 
02-05-2018_10-46-03 2803616 195648 337936 
02-05-2018_10-46-04 2803616 195276 337936 
02-05-2018_10-46-04 2803616 195720 337936 
02-05-2018_10-46-05 2803616 195472 337936 
02-05-2018_10-46-05 2803616 194904 337936 
02-05-2018_10-46-06 2803616 194960 337940 
02-05-2018_10-46-07 2803616 194888 337940 
02-05-2018_10-46-07 2803616 194392 337940 
02-05-2018_10-46-08 2803616 193772 337944 
02-05-2018_10-46-09 2803616 194020 337944 
02-05-2018_10-46-09 2803616 193400 337944 
02-05-2018_10-46-10 2803616 193648 337944 
02-05-2018_10-46-11 2803616 193256 337976 
02-05-2018_10-46-11 2803616 192812 337976 
02-05-2018_10-46-12 2803616 192688 337948 
02-05-2018_10-46-13 2803616 200836 337976 
02-05-2018_10-46-13 2803616 201076 337976 
02-05-2018_10-46-14 2803616 201016 337980 
02-05-2018_10-46-14 2803616 200692 337980 
02-05-2018_10-46-15 2803616 200180 337980 
02-05-2018_10-46-16 2803616 199752 337980 
02-05-2018_10-46-16 2803616 199628 337980 
02-05-2018_10-46-17 2803616 198832 337980 
02-05-2018_10-46-18 2803616 198708 337984 
02-05-2018_10-46-18 2803616 199080 337984 
02-05-2018_10-46-19 2803616 201376 338140 
02-05-2018_10-46-20 2803616 200256 338244 
02-05-2018_10-46-20 2803616 195284 339316 
02-05-2018_10-46-21 2803616 194624 339344 
02-05-2018_10-46-21 2803616 181688 348080 
02-05-2018_10-46-22 2803616 164032 354972 
02-05-2018_10-46-23 2803616 160344 363228 
02-05-2018_10-46-23 2803616 160608 363256 
02-05-2018_10-46-24 2803616 162172 363312 
02-05-2018_10-46-25 2803616 168852 363512 
02-05-2018_10-46-25 2803616 141980 364908 
02-05-2018_10-46-26 2803616 138468 364948 
02-05-2018_10-46-26 2803616 138276 364952 
02-05-2018_10-46-27 2803616 138692 365044 
02-05-2018_10-46-28 2803616 147340 365020 
02-05-2018_10-46-28 2803616 134980 366764 
02-05-2018_10-46-29 2803616 123380 373084 
02-05-2018_10-46-30 2803616 93832 373260 
02-05-2018_10-46-30 2803616 92404 373360 
02-05-2018_10-46-31 2803616 108424 373604 
02-05-2018_10-46-31 2803616 77968 399804 
02-05-2018_10-46-32 2803616 44956 417464 
02-05-2018_10-46-33 2803616 36724 416260 
02-05-2018_10-46-33 2803616 35756 397464 
02-05-2018_10-46-34 2803616 36304 370640 
02-05-2018_10-46-35 2803616 37716 367580 
02-05-2018_10-46-35 2803616 39348 363196 
02-05-2018_10-46-36 2803616 35996 365352 
02-05-2018_10-46-37 2803616 38152 355740 
02-05-2018_10-46-37 2803616 45828 354704 
02-05-2018_10-46-38 2803616 42944 356216 
02-05-2018_10-46-39 2803616 46456 347548 
02-05-2018_10-46-39 2803616 42720 344248 
02-05-2018_10-46-40 2803616 40744 349800 
02-05-2018_10-46-41 2803616 41220 357992 
02-05-2018_10-46-41 2803616 37308 325932 
02-05-2018_10-46-42 2803616 36516 324940 
02-05-2018_10-46-42 2803616 37644 312544 
02-05-2018_10-46-43 2803616 49376 313296 
02-05-2018_10-46-44 2803616 53344 313360 
02-05-2018_10-46-44 2803616 52824 313368 
02-05-2018_10-46-45 2803616 37664 316376 
02-05-2018_10-46-46 2803616 34656 308608 
02-05-2018_10-46-46 2803616 61740 275700 
02-05-2018_10-46-47 2803616 35608 279732 
02-05-2018_10-46-48 2803616 41340 255444 
02-05-2018_10-46-49 2803616 37228 221624 
02-05-2018_10-46-49 2803616 138240 210604 
02-05-2018_10-46-50 2803616 266264 224280 
02-05-2018_10-46-51 2803616 234776 227908 
02-05-2018_10-46-51 2803616 206792 230212 
02-05-2018_10-46-52 2803616 185952 230216 
02-05-2018_10-46-53 2803616 158624 230984 
02-05-2018_10-46-53 2803616 219708 233680 
02-05-2018_10-46-54 2803616 241544 237432 
02-05-2018_10-46-55 2803616 221152 254616 
02-05-2018_10-46-55 2803616 209228 260356 
02-05-2018_10-46-56 2803616 207620 260964 
02-05-2018_10-46-56 2803616 208192 261032 
02-05-2018_10-46-57 2803616 208512 261132 
02-05-2018_10-46-58 2803616 208980 261156 
02-05-2018_10-46-58 2803616 210096 261160 
02-05-2018_10-46-59 2803616 210884 261220 
02-05-2018_10-47-00 2803616 210008 262304 
02-05-2018_10-47-00 2803616 210272 262912 
02-05-2018_10-47-01 2803616 210752 262948 
02-05-2018_10-47-01 2803616 211464 262952 
02-05-2018_10-47-02 2803616 213584 262956 
02-05-2018_10-47-03 2803616 214252 262960 
02-05-2018_10-47-03 2803616 213268 262960 
02-05-2018_10-47-04 2803616 213548 262964 
02-05-2018_10-47-05 2803616 213380 262964 
02-05-2018_10-47-05 2803616 213400 262968 
02-05-2018_10-47-06 2803616 212472 263032 
02-05-2018_10-47-06 2803616 212516 263032 
02-05-2018_10-47-07 2803616 212396 263032 
02-05-2018_10-47-08 2803616 212024 263068 
02-05-2018_10-47-08 2803616 211660 263196 
02-05-2018_10-47-09 2803616 211332 263188 
02-05-2018_10-47-10 2803616 209328 263656 
02-05-2018_10-47-10 2803616 208716 263720 
02-05-2018_10-47-11 2803616 208684 263724 
02-05-2018_10-47-11 2803616 207916 263788 
02-05-2018_10-47-12 2803616 207104 263792 
02-05-2018_10-47-13 2803616 207092 263792 
02-05-2018_10-47-13 2803616 206716 263796 
02-05-2018_10-47-14 2803616 206592 263800 
02-05-2018_10-47-15 2803616 206716 263800 
02-05-2018_10-47-15 2803616 215044 263804 
02-05-2018_10-47-16 2803616 215552 263808 
02-05-2018_10-47-16 2803616 215180 263868 
02-05-2018_10-47-17 2803616 214220 263872 
02-05-2018_10-47-18 2803616 214308 263876 
02-05-2018_10-47-18 2803616 213752 263876 
02-05-2018_10-47-19 2803616 213680 263880 
02-05-2018_10-47-20 2803616 213716 263912 
02-05-2018_10-47-20 2803616 213704 263876 
02-05-2018_10-47-21 2803616 213840 263880 
02-05-2018_10-47-21 2803616 213704 263960 
02-05-2018_10-47-22 2803616 211360 265144 
02-05-2018_10-47-23 2803616 211608 265148 
02-05-2018_10-47-23 2803616 210864 265152 
02-05-2018_10-47-24 2803616 210860 265156 
02-05-2018_10-47-25 2803616 210860 265156 
02-05-2018_10-47-25 2803616 210736 265168 
02-05-2018_10-47-26 2803616 209736 265172 
02-05-2018_10-47-26 2803616 210404 265264 
02-05-2018_10-47-27 2803616 209824 265268 
02-05-2018_10-47-28 2803616 210104 265272 
02-05-2018_10-47-28 2803616 209324 265276 
02-05-2018_10-47-29 2803616 209196 265312 
02-05-2018_10-47-30 2803616 200024 267216 
02-05-2018_10-47-30 2803616 197164 267520 
02-05-2018_10-47-31 2803616 196652 267524 
02-05-2018_10-47-32 2803616 196176 267524 
02-05-2018_10-47-32 2803616 195920 267528 
02-05-2018_10-47-33 2803616 195272 267976 
02-05-2018_10-47-33 2803616 194740 267976 
02-05-2018_10-47-34 2803616 194028 267980 
02-05-2018_10-47-35 2803616 191956 270304 
02-05-2018_10-47-35 2803616 191384 270304 
02-05-2018_10-47-36 2803616 191012 270308 
02-05-2018_10-47-37 2803616 191384 270312 
02-05-2018_10-47-37 2803616 188640 271288 
02-05-2018_10-47-38 2803616 188236 271292 
02-05-2018_10-47-38 2803616 186348 271416 
02-05-2018_10-47-39 2803616 186348 271420 
02-05-2018_10-47-40 2803616 185852 271420 
02-05-2018_10-47-40 2803616 186380 271480 
02-05-2018_10-47-41 2803616 186076 271484 
02-05-2018_10-47-42 2803616 185716 271484 
02-05-2018_10-47-42 2803616 185868 271488 
02-05-2018_10-47-43 2803616 185208 271492 
02-05-2018_10-47-43 2803616 148320 307004 
02-05-2018_10-47-44 2803616 78092 368016 
02-05-2018_10-47-45 2803616 36724 395800 
02-05-2018_10-47-45 2803616 37468 394156 
02-05-2018_10-47-46 2803616 36104 394160 
02-05-2018_10-47-47 2803616 36428 394168 
02-05-2018_10-47-47 2803616 36092 394208 
02-05-2018_10-47-48 2803616 40492 396428 
02-05-2018_10-47-49 2803616 35984 376980 
02-05-2018_10-47-49 2803616 39364 348376 
02-05-2018_10-47-50 2803616 37952 351556 
02-05-2018_10-47-50 2803616 46144 353380 
02-05-2018_10-47-51 2803616 45524 353380 
02-05-2018_10-47-52 2803616 45028 353384 
02-05-2018_10-47-52 2803616 43712 354516 
02-05-2018_10-47-53 2803616 51052 356252 
02-05-2018_10-47-54 2803616 51452 356504 
02-05-2018_10-47-54 2803616 50908 356540 
02-05-2018_10-47-55 2803616 48520 357496 
02-05-2018_10-47-56 2803616 44388 360356 
02-05-2018_10-47-56 2803616 44196 360356 
02-05-2018_10-47-57 2803616 43588 360344 
02-05-2018_10-47-58 2803616 43308 360356 
02-05-2018_10-47-58 2803616 42828 360360 
02-05-2018_10-47-59 2803616 43076 360360 
02-05-2018_10-47-59 2803616 42828 360360 
02-05-2018_10-48-00 2803616 42024 360392 
02-05-2018_10-48-01 2803616 42272 360392 
02-05-2018_10-48-01 2803616 42148 360392 
02-05-2018_10-48-02 2803616 42416 360404 
02-05-2018_10-48-03 2803616 43424 360408 
02-05-2018_10-48-03 2803616 43272 360408 
02-05-2018_10-48-04 2803616 43136 360404 
02-05-2018_10-48-05 2803616 43084 360408 
02-05-2018_10-48-05 2803616 42228 361032 
02-05-2018_10-48-06 2803616 41856 361032 
02-05-2018_10-48-06 2803616 41360 361036 
02-05-2018_10-48-07 2803616 42872 361036 
02-05-2018_10-48-08 2803616 42420 361036 
02-05-2018_10-48-08 2803616 42460 361036 
02-05-2018_10-48-09 2803616 41988 361068 
02-05-2018_10-48-10 2803616 41980 361068 
02-05-2018_10-48-10 2803616 41972 361068 
02-05-2018_10-48-11 2803616 41476 361068 
02-05-2018_10-48-12 2803616 41052 361072 
02-05-2018_10-48-12 2803616 40980 361072 
02-05-2018_10-48-13 2803616 39988 361072 
02-05-2018_10-48-13 2803616 40112 361072 
02-05-2018_10-48-14 2803616 39988 361076 
02-05-2018_10-48-15 2803616 39788 361076 
02-05-2018_10-48-15 2803616 39960 361076 
02-05-2018_10-48-16 2803616 39604 361080 
02-05-2018_10-48-17 2803616 39604 361080 
02-05-2018_10-48-17 2803616 39232 361080 
02-05-2018_10-48-18 2803616 38984 361080 
02-05-2018_10-48-19 2803616 38700 361080 
02-05-2018_10-48-19 2803616 38436 361080 
02-05-2018_10-48-20 2803616 37672 361080 
02-05-2018_10-48-21 2803616 37540 361084 
02-05-2018_10-48-21 2803616 46224 361084 
02-05-2018_10-48-22 2803616 46204 361084 
02-05-2018_10-48-22 2803616 45752 361084 
02-05-2018_10-48-23 2803616 45624 361084 
02-05-2018_10-48-24 2803616 45184 361084 
02-05-2018_10-48-24 2803616 45608 361084 
02-05-2018_10-48-25 2803616 45256 361084 
02-05-2018_10-48-26 2803616 45060 361088 
02-05-2018_10-48-26 2803616 44636 361088 
02-05-2018_10-48-27 2803616 44496 361088 
02-05-2018_10-48-28 2803616 44492 361088 
02-05-2018_10-48-28 2803616 43464 361120 
02-05-2018_10-48-29 2803616 43592 361120 
02-05-2018_10-48-29 2803616 42388 361312 
02-05-2018_10-48-30 2803616 38756 364600 
02-05-2018_10-48-31 2803616 38136 364600 
02-05-2018_10-48-31 2803616 37764 364600 
02-05-2018_10-48-32 2803616 37020 364600 
02-05-2018_10-48-33 2803616 36720 364600 
02-05-2018_10-48-33 2803616 36648 364600 
02-05-2018_10-48-34 2803616 35780 364596 
02-05-2018_10-48-35 2803616 35840 364600 
02-05-2018_10-48-35 2803616 38580 362880 
02-05-2018_10-48-36 2803616 38508 362880 
02-05-2018_10-48-36 2803616 38616 362880 
02-05-2018_10-48-37 2803616 38120 362908 
02-05-2018_10-48-38 2803616 37768 362912 
02-05-2018_10-48-38 2803616 37376 362912 
02-05-2018_10-48-39 2803616 37128 362912 
02-05-2018_10-48-40 2803616 36632 362912 
02-05-2018_10-48-40 2803616 36508 362912 
02-05-2018_10-48-41 2803616 36460 362908 
02-05-2018_10-48-42 2803616 36680 362912 
02-05-2018_10-48-42 2803616 35392 363044 
02-05-2018_10-48-43 2803616 37376 361052 
02-05-2018_10-48-43 2803616 37748 361084 
02-05-2018_10-48-44 2803616 37252 361084 
02-05-2018_10-48-45 2803616 37196 361084 
02-05-2018_10-48-45 2803616 37772 361156 
02-05-2018_10-48-46 2803616 37276 361156 
02-05-2018_10-48-47 2803616 37400 361156 
02-05-2018_10-48-47 2803616 36656 361160 
02-05-2018_10-48-48 2803616 36232 361164 
02-05-2018_10-48-49 2803616 35912 361160 
02-05-2018_10-48-49 2803616 35664 361172 
02-05-2018_10-48-50 2803616 37524 359160 
02-05-2018_10-48-51 2803616 38144 359160 
02-05-2018_10-48-51 2803616 37896 359164 
02-05-2018_10-48-52 2803616 37472 359164 
02-05-2018_10-48-52 2803616 36780 359196 
02-05-2018_10-48-53 2803616 35912 359196 
02-05-2018_10-48-54 2803616 36284 359196 
02-05-2018_10-48-54 2803616 36160 359196 
02-05-2018_10-48-55 2803616 44188 359316 
02-05-2018_10-48-56 2803616 44232 359316 
02-05-2018_10-48-56 2803616 44380 359316 
02-05-2018_10-48-57 2803616 43812 359300 
02-05-2018_10-48-58 2803616 43276 359320 
02-05-2018_10-48-58 2803616 42992 359320 
02-05-2018_10-48-59 2803616 42724 359320 
02-05-2018_10-48-59 2803616 42620 359320 
02-05-2018_10-49-00 2803616 42416 359320 
02-05-2018_10-49-01 2803616 42612 359320 
02-05-2018_10-49-01 2803616 42440 359320 
02-05-2018_10-49-02 2803616 41500 359324 
02-05-2018_10-49-03 2803616 40632 359324 
02-05-2018_10-49-03 2803616 40756 359324 
02-05-2018_10-49-04 2803616 40384 359320 
02-05-2018_10-49-05 2803616 40508 359324 
02-05-2018_10-49-05 2803616 40332 359328 
02-05-2018_10-49-06 2803616 40384 359328 
02-05-2018_10-49-06 2803616 39516 359332 
02-05-2018_10-49-07 2803616 39268 359332 
02-05-2018_10-49-08 2803616 39020 359396 
02-05-2018_10-49-08 2803616 38524 359396 
02-05-2018_10-49-09 2803616 38152 359396 
02-05-2018_10-49-10 2803616 38152 359400 
02-05-2018_10-49-10 2803616 37976 359400 
02-05-2018_10-49-11 2803616 37904 359400 
02-05-2018_10-49-12 2803616 37656 359400 
02-05-2018_10-49-12 2803616 37176 359400 
02-05-2018_10-49-13 2803616 37124 359400 
02-05-2018_10-49-14 2803616 37052 359404 
02-05-2018_10-49-14 2803616 36292 359404 
02-05-2018_10-49-15 2803616 35936 359404 
02-05-2018_10-49-15 2803616 35812 359404 
02-05-2018_10-49-16 2803616 35812 359404 
02-05-2018_10-49-17 2803616 35564 359404 
02-05-2018_10-49-17 2803616 37940 356524 
02-05-2018_10-49-18 2803616 38292 356528 
02-05-2018_10-49-19 2803616 37796 356528 
02-05-2018_10-49-19 2803616 37920 356528 
02-05-2018_10-49-20 2803616 37672 356528 
02-05-2018_10-49-21 2803616 37992 356528 
02-05-2018_10-49-21 2803616 37424 356528 
02-05-2018_10-49-22 2803616 37300 356528 
02-05-2018_10-49-22 2803616 36928 356532 
02-05-2018_10-49-23 2803616 36556 356532 
02-05-2018_10-49-24 2803616 36504 356532 
02-05-2018_10-49-24 2803616 35688 356532 
02-05-2018_10-49-25 2803616 35564 356532 
02-05-2018_10-49-26 2803616 35564 356532 
02-05-2018_10-49-26 2803616 37300 354572 
02-05-2018_10-49-27 2803616 37052 354576 
02-05-2018_10-49-28 2803616 37084 354608 
02-05-2018_10-49-28 2803616 36836 354608 
02-05-2018_10-49-29 2803616 45144 354608 
02-05-2018_10-49-30 2803616 45056 358884 
02-05-2018_10-49-30 2803616 83164 362924 
02-05-2018_10-49-31 2803616 117544 372592 
02-05-2018_10-49-32 2803616 794068 381488 
02-05-2018_10-49-32 2803616 1155976 397244 
02-05-2018_10-49-33 2803616 1221932 397244 
