##DateTime MemTotal: MemFree: MemAvailable: Cached:  ION_total 
04-05-2018_15-46-01 2803616 49712 862872 814728 114248 
04-05-2018_15-46-02 2803616 50004 863304 814828 114248 
04-05-2018_15-46-02 2803616 49604 862904 814828 114248 
04-05-2018_15-46-03 2803616 50396 863796 814836 114248 
04-05-2018_15-46-04 2803616 49748 863184 814836 114248 
04-05-2018_15-46-04 2803616 48772 862216 814844 114248 
04-05-2018_15-46-05 2803616 61816 875264 814848 114248 
04-05-2018_15-46-06 2803616 84688 898208 814736 114248 
04-05-2018_15-46-07 2803616 85280 898832 814768 114248 
04-05-2018_15-46-07 2803616 84744 898296 814768 114248 
04-05-2018_15-46-08 2803616 83588 897140 814768 114248 
04-05-2018_15-46-09 2803616 84268 897884 814832 114248 
04-05-2018_15-46-09 2803616 84812 898428 814832 114248 
04-05-2018_15-46-10 2803616 91284 904940 814836 151188 
04-05-2018_15-46-11 2803616 81824 896588 815876 151188 
04-05-2018_15-46-11 2803616 85764 900720 816028 123432 
04-05-2018_15-46-12 2803616 85148 900248 816152 132616 
04-05-2018_15-46-13 2803616 85792 901100 816312 123432 
04-05-2018_15-46-13 2803616 85900 901268 816344 160372 
04-05-2018_15-46-14 2803616 80372 896596 817124 151188 
04-05-2018_15-46-15 2803616 68580 885408 817664 123432 
04-05-2018_15-46-16 2803616 67544 884552 817788 160372 
04-05-2018_15-46-16 2803616 78532 895608 817792 160372 
04-05-2018_15-46-17 2803616 69036 887488 819140 132616 
04-05-2018_15-46-18 2803616 68232 886684 819140 169556 
04-05-2018_15-46-18 2803616 58328 877180 819360 160236 
04-05-2018_15-46-19 2803616 68540 887516 819396 141800 
04-05-2018_15-46-20 2803616 68692 887788 819452 160236 
04-05-2018_15-46-21 2803616 67032 886260 819528 141800 
04-05-2018_15-46-21 2803616 66520 885748 819528 141800 
04-05-2018_15-46-22 2803616 63280 882624 819624 187924 
04-05-2018_15-46-23 2803616 36964 850956 815848 178740 
04-05-2018_15-46-23 2803616 35384 849388 815848 187924 
04-05-2018_15-46-24 2803616 73144 866184 795996 187924 
04-05-2018_15-46-25 2803616 60112 853404 796212 160168 
04-05-2018_15-46-25 2803616 55656 848948 796212 197108 
04-05-2018_15-46-26 2803616 51428 845776 797060 197108 
04-05-2018_15-46-27 2803616 51084 845512 797268 169352 
04-05-2018_15-46-28 2803616 50660 845088 797268 206292 
04-05-2018_15-46-28 2803616 39752 833604 796636 206292 
04-05-2018_15-46-29 2803616 38256 832140 796668 178536 
04-05-2018_15-46-30 2803616 63028 857096 796804 178536 
04-05-2018_15-46-30 2803616 63352 857560 796932 178536 
04-05-2018_15-46-31 2803616 62988 857300 796980 178536 
04-05-2018_15-46-32 2803616 63172 857592 797112 178536 
04-05-2018_15-46-32 2803616 62916 857368 797144 215476 
04-05-2018_15-46-33 2803616 48560 843248 797284 215476 
04-05-2018_15-46-34 2803616 38824 825652 789412 187720 
04-05-2018_15-46-35 2803616 37648 824476 789412 224660 
04-05-2018_15-46-35 2803616 40508 810796 773276 224660 
04-05-2018_15-46-36 2803616 37976 808368 773384 196904 
04-05-2018_15-46-37 2803616 37392 807812 773412 233844 
04-05-2018_15-46-37 2803616 36820 791184 757856 233844 
04-05-2018_15-46-38 2803616 38280 791044 756152 206088 
04-05-2018_15-46-39 2803616 36268 789032 756152 243028 
04-05-2018_15-46-39 2803616 56052 792368 739636 243028 
04-05-2018_15-46-40 2803616 56236 792556 739636 215272 
04-05-2018_15-46-41 2803616 55068 791388 739636 252212 
04-05-2018_15-46-41 2803616 45904 782360 739644 252212 
04-05-2018_15-46-42 2803616 46472 782988 739704 261396 
04-05-2018_15-46-43 2803616 39788 773208 736608 261396 
04-05-2018_15-46-44 2803616 35392 759088 727108 270580 
04-05-2018_15-46-44 2803616 69364 791608 725612 233640 
04-05-2018_15-46-45 2803616 68980 791252 725640 252076 
04-05-2018_15-46-46 2803616 67308 789936 725972 233640 
04-05-2018_15-46-46 2803616 44132 766988 726064 242824 
04-05-2018_15-46-47 2803616 49092 768044 722184 242824 
04-05-2018_15-46-48 2803616 49868 769260 722616 279764 
04-05-2018_15-46-48 2803616 64976 784828 722972 242824 
04-05-2018_15-46-49 2803616 61148 780836 722808 279764 
04-05-2018_15-46-50 2803616 36716 745736 712088 279764 
04-05-2018_15-46-50 2803616 37836 743700 708956 288948 
04-05-2018_15-46-51 2803616 44576 740572 699108 288948 
04-05-2018_15-46-52 2803616 38280 729588 694520 261192 
04-05-2018_15-46-53 2803616 74180 765592 694580 261192 
04-05-2018_15-46-53 2803616 72856 764516 694824 298132 
04-05-2018_15-46-54 2803616 46508 738328 694912 298132 
04-05-2018_15-46-55 2803616 38996 731124 695220 307316 
04-05-2018_15-46-55 2803616 47452 739768 695312 270376 
04-05-2018_15-46-56 2803616 47152 739468 695312 270376 
04-05-2018_15-46-57 2803616 46520 738836 695312 270376 
04-05-2018_15-46-57 2803616 46824 739140 695312 270376 
04-05-2018_15-46-58 2803616 45304 737376 695068 307316 
04-05-2018_15-46-59 2803616 42520 733132 693544 307316 
04-05-2018_15-46-59 2803616 42172 732784 693544 279560 
04-05-2018_15-47-00 2803616 52840 743904 693884 279560 
04-05-2018_15-47-01 2803616 50820 741916 693900 316500 
04-05-2018_15-47-02 2803616 50160 741436 694000 279560 
04-05-2018_15-47-02 2803616 51772 743048 694000 279560 
04-05-2018_15-47-03 2803616 49968 741244 694000 316500 
04-05-2018_15-47-04 2803616 36660 717100 683132 316500 
04-05-2018_15-47-04 2803616 72716 749544 679468 316500 
04-05-2018_15-47-05 2803616 73008 749836 679468 297928 
04-05-2018_15-47-06 2803616 59852 736488 679276 325684 
04-05-2018_15-47-06 2803616 45112 720952 678404 325684 
04-05-2018_15-47-07 2803616 43976 719888 678464 334868 
04-05-2018_15-47-08 2803616 42944 719860 679416 297928 
04-05-2018_15-47-08 2803616 43896 720844 679448 334868 
04-05-2018_15-47-09 2803616 43296 720476 679568 297928 
04-05-2018_15-47-10 2803616 40344 717000 679044 334868 
04-05-2018_15-47-11 2803616 42900 704420 663872 334868 
04-05-2018_15-47-11 2803616 41928 703472 663872 307112 
04-05-2018_15-47-12 2803616 41004 702152 663476 344052 
04-05-2018_15-47-13 2803616 37284 685044 650164 344052 
04-05-2018_15-47-13 2803616 37508 685244 650060 316296 
04-05-2018_15-47-14 2803616 36184 684060 650184 353236 
04-05-2018_15-47-15 2803616 49956 682856 635140 353236 
04-05-2018_15-47-15 2803616 49372 681980 634840 325480 
04-05-2018_15-47-16 2803616 47172 679856 634900 362420 
04-05-2018_15-47-17 2803616 51436 676940 627768 362420 
04-05-2018_15-47-17 2803616 50660 676388 627944 343916 
04-05-2018_15-47-18 2803616 49376 675104 627944 371604 
04-05-2018_15-47-19 2803616 42156 664740 624760 371604 
04-05-2018_15-47-20 2803616 36196 658948 624888 343848 
04-05-2018_15-47-20 2803616 35612 656716 623248 380788 
04-05-2018_15-47-21 2803616 46376 646816 602972 380788 
04-05-2018_15-47-22 2803616 51424 652096 603164 353032 
04-05-2018_15-47-23 2803616 49652 650356 603196 389972 
04-05-2018_15-47-23 2803616 43844 645332 603904 389972 
04-05-2018_15-47-24 2803616 43268 645160 604304 399156 
04-05-2018_15-47-25 2803616 35548 626700 593640 399156 
04-05-2018_15-47-25 2803616 38228 627144 591484 371400 
04-05-2018_15-47-26 2803616 35952 624868 591484 408340 
04-05-2018_15-47-27 2803616 58288 626332 571196 408340 
04-05-2018_15-47-28 2803616 50548 619160 571696 380584 
04-05-2018_15-47-28 2803616 71268 639892 571700 389768 
04-05-2018_15-47-29 2803616 70152 639080 571920 380584 
04-05-2018_15-47-30 2803616 70784 639712 571920 380584 
04-05-2018_15-47-30 2803616 70676 639604 571920 380584 
04-05-2018_15-47-31 2803616 71020 639948 571920 380584 
04-05-2018_15-47-32 2803616 74656 643584 571952 380584 
04-05-2018_15-47-32 2803616 73704 642664 571952 417524 
04-05-2018_15-47-33 2803616 51048 620604 572628 417524 
04-05-2018_15-47-34 2803616 37000 606856 572820 389768 
04-05-2018_15-47-34 2803616 37384 607576 573112 389768 
04-05-2018_15-47-35 2803616 49580 618848 572268 389768 
04-05-2018_15-47-36 2803616 46220 615552 572300 426708 
04-05-2018_15-47-37 2803616 37088 602216 569592 426708 
04-05-2018_15-47-37 2803616 37936 591400 558024 417388 
04-05-2018_15-47-38 2803616 42188 583628 546000 435892 
04-05-2018_15-47-39 2803616 44128 585944 546312 408136 
04-05-2018_15-47-39 2803616 43444 585320 546372 445076 
04-05-2018_15-47-40 2803616 46412 584204 542224 445076 
04-05-2018_15-47-41 2803616 42472 580284 542236 454260 
04-05-2018_15-47-42 2803616 37672 565004 531668 454260 
04-05-2018_15-47-42 2803616 37584 563572 530344 426504 
04-05-2018_15-47-43 2803616 36040 562060 530376 463444 
04-05-2018_15-47-44 2803616 59100 573256 518948 463444 
04-05-2018_15-47-44 2803616 45948 560236 519052 463376 
04-05-2018_15-47-45 2803616 39816 554136 519064 472628 
04-05-2018_15-47-46 2803616 46112 558912 517404 444872 
04-05-2018_15-47-47 2803616 45752 558268 517344 444872 
04-05-2018_15-47-47 2803616 46416 558932 517344 444872 
04-05-2018_15-47-48 2803616 46756 559272 517344 444872 
04-05-2018_15-47-49 2803616 44320 556676 517184 444872 
04-05-2018_15-47-49 2803616 43976 556332 517184 444872 
04-05-2018_15-47-50 2803616 43632 556000 517216 444872 
04-05-2018_15-47-51 2803616 43980 556376 517216 444872 
04-05-2018_15-47-51 2803616 43900 556296 517216 444872 
04-05-2018_15-47-52 2803616 43964 556360 517216 444872 
04-05-2018_15-47-53 2803616 44116 556512 517216 444872 
04-05-2018_15-47-54 2803616 44692 557152 517280 444872 
04-05-2018_15-47-54 2803616 36892 545156 513088 454056 
04-05-2018_15-47-55 2803616 46628 554344 512524 444872 
04-05-2018_15-47-56 2803616 37640 543336 510472 481812 
04-05-2018_15-47-56 2803616 47284 552012 509424 444872 
04-05-2018_15-47-57 2803616 47712 552440 509424 463308 
04-05-2018_15-47-58 2803616 38328 542884 509244 481812 
04-05-2018_15-47-58 2803616 46680 547832 506736 463304 
04-05-2018_15-47-59 2803616 47496 548664 506736 454056 
04-05-2018_15-48-00 2803616 46084 547252 506736 490996 
04-05-2018_15-48-00 2803616 50344 542248 498100 490996 
04-05-2018_15-48-01 2803616 49588 542976 499644 490996 
04-05-2018_15-48-02 2803616 49304 542692 499644 490996 
04-05-2018_15-48-03 2803616 70200 563824 499812 463240 
04-05-2018_15-48-03 2803616 70116 563740 499812 463240 
04-05-2018_15-48-04 2803616 70340 563964 499812 463240 
04-05-2018_15-48-05 2803616 47452 564452 523524 444260 
04-05-2018_15-48-05 2803616 38368 562904 532164 474740 
04-05-2018_15-48-06 2803616 43068 536960 502812 521156 
04-05-2018_15-48-07 2803616 37928 514084 486248 502652 
04-05-2018_15-48-08 2803616 41768 501316 470456 485728 
04-05-2018_15-48-08 2803616 63688 524280 471540 471800 
04-05-2018_15-48-09 2803616 63384 524124 471580 472424 
04-05-2018_15-48-10 2803616 63684 524424 471580 472424 
04-05-2018_15-48-10 2803616 90260 551000 471212 472424 
04-05-2018_15-48-11 2803616 90432 551172 471212 472424 
04-05-2018_15-48-12 2803616 91060 551804 471212 472424 
04-05-2018_15-48-12 2803616 90932 551680 471212 472424 
04-05-2018_15-48-13 2803616 90536 551304 471244 472424 
04-05-2018_15-48-14 2803616 90124 551100 471476 472424 
04-05-2018_15-48-14 2803616 89292 550368 471540 472424 
04-05-2018_15-48-15 2803616 87124 548260 471600 472424 
04-05-2018_15-48-16 2803616 86804 548216 471912 472424 
04-05-2018_15-48-17 2803616 87224 548672 471912 472424 
04-05-2018_15-48-17 2803616 86628 548084 471912 472424 
04-05-2018_15-48-18 2803616 86992 548448 471912 472424 
04-05-2018_15-48-19 2803616 87256 548712 471912 472424 
04-05-2018_15-48-19 2803616 86816 548272 471912 472424 
04-05-2018_15-48-20 2803616 87220 548676 471912 472424 
04-05-2018_15-48-21 2803616 75224 536712 471944 481608 
04-05-2018_15-48-21 2803616 77952 540384 472864 472424 
04-05-2018_15-48-22 2803616 75980 538412 472864 509364 
04-05-2018_15-48-23 2803616 67884 531164 473800 503000 
04-05-2018_15-48-23 2803616 64376 528092 474216 475088 
04-05-2018_15-48-24 2803616 63564 527280 474216 529716 
04-05-2018_15-48-25 2803616 38484 501316 473384 511212 
04-05-2018_15-48-25 2803616 48536 511380 473384 483300 
04-05-2018_15-48-26 2803616 47324 509296 472488 483300 
04-05-2018_15-48-27 2803616 50572 512620 472480 483924 
04-05-2018_15-48-28 2803616 48772 510840 472476 539524 
04-05-2018_15-48-28 2803616 57816 519872 472472 483924 
04-05-2018_15-48-29 2803616 69472 531816 472692 483924 
04-05-2018_15-48-30 2803616 58772 521204 472780 539524 
04-05-2018_15-48-30 2803616 43560 504928 471500 521020 
04-05-2018_15-48-31 2803616 35960 500444 474544 493108 
04-05-2018_15-48-32 2803616 36424 500908 474544 493108 
04-05-2018_15-48-33 2803616 43844 505520 471988 493108 
04-05-2018_15-48-33 2803616 38540 500320 471892 548708 
04-05-2018_15-48-34 2803616 32020 473812 452628 530204 
04-05-2018_15-48-35 2803616 41432 481728 451196 530204 
04-05-2018_15-48-35 2803616 61824 502244 451264 530204 
04-05-2018_15-48-36 2803616 62976 503552 451388 502292 
04-05-2018_15-48-37 2803616 63052 503692 451452 502292 
04-05-2018_15-48-37 2803616 61616 502644 451840 502292 
04-05-2018_15-48-38 2803616 85564 526936 452492 502292 
04-05-2018_15-48-39 2803616 88292 530324 452868 502292 
04-05-2018_15-48-40 2803616 87676 529708 452868 502292 
04-05-2018_15-48-40 2803616 88384 530416 452868 502292 
04-05-2018_15-48-41 2803616 89060 531100 452868 502292 
04-05-2018_15-48-42 2803616 89520 531560 452868 502292 
04-05-2018_15-48-42 2803616 90372 532412 452868 502292 
04-05-2018_15-48-43 2803616 89576 531648 452900 502292 
04-05-2018_15-48-44 2803616 89728 531800 452900 502292 
04-05-2018_15-48-44 2803616 89228 531300 452932 502292 
04-05-2018_15-48-45 2803616 89464 531568 452932 502292 
04-05-2018_15-48-46 2803616 89304 531408 452932 502292 
04-05-2018_15-48-46 2803616 87112 531440 455204 502292 
04-05-2018_15-48-47 2803616 87612 534236 457408 502292 
04-05-2018_15-48-48 2803616 85956 532588 457408 502292 
04-05-2018_15-48-49 2803616 86188 532820 457408 502292 
04-05-2018_15-48-49 2803616 86048 532752 457472 502292 
04-05-2018_15-48-50 2803616 86220 532924 457472 502292 
04-05-2018_15-48-51 2803616 86080 532784 457472 502292 
04-05-2018_15-48-51 2803616 87152 533856 457472 502292 
04-05-2018_15-48-52 2803616 87208 533912 457472 502292 
04-05-2018_15-48-53 2803616 87148 533880 457500 502292 
04-05-2018_15-48-53 2803616 87572 534312 457500 502292 
04-05-2018_15-48-54 2803616 87448 534188 457500 502292 
04-05-2018_15-48-55 2803616 87388 534128 457500 502292 
04-05-2018_15-48-55 2803616 87272 534228 457652 502292 
04-05-2018_15-48-56 2803616 87264 534288 457716 502292 
04-05-2018_15-48-57 2803616 87248 534424 457868 502292 
04-05-2018_15-48-57 2803616 86492 533792 457992 502292 
04-05-2018_15-48-58 2803616 75124 530804 466256 502292 
04-05-2018_15-48-59 2803616 71816 527496 466256 502292 
04-05-2018_15-49-00 2803616 72460 528204 466272 502292 
